MOD_NAME=C:\Users\ewbie\Documents\XCOM EU EW Custom Files\Mods for LWModManager or PatcherGUI-730-2-1609344668\Mods\EnhancedTacticalInfo_and_XGUnit.RecordKill.txt uninstall script
AUTHOR=PatchUPK
DESCRIPTION=This is automatically generated uninstall script. Do not change anything!

UPK_FILE=xcomgame.upk

OBJECT=XGUnit.AbsorbDamage

REL_OFFSET=40

[MODDED_HEX]
97 FD 1A 2C 04 01 63 3A 00 00 2C 64 16 25 16 0F 
00 12 CB 00 00 AF 00 12 CB 00 00 AC 38 3F FD 1A 
2C 04 01 63 3A 00 00 2C 64 16 38 3F 2C 0A 16 16 
0B 07 95 00 82 81 1B 4F 44 00 00 00 00 00 00 16 
16 18 0D 00 97 01 F1 C4 00 00 25 16 16 B9 00 12 
CB 00 00 AC 38 3F 01 F1 C4 00 00 38 3F 2C 32 16 
16 07 EE 00 82 82 19 1B E5 37 00 00 00 00 00 00 
16 0C 00 2F B8 00 00 00 1B B7 3D 00 00 00 00 00 
00 2C 86 16 18 0D 00 97 01 C2 C4 00 00 25 16 16 
18 0F 00 B1 00 12 CB 00 00 38 3F 26 16 16 B9 00 
12 CB 00 00 1E 00 00 C0 3F 16 07 0B 01 2D 01 32 
3A 00 00 B9 00 12 CB 00 00 1E 00 00 80 3F 16 07 
BB 01 9A 19 1B E5 37 00 00 00 00 00 00 16 09 00 
F7 B7 00 00 00 01 F7 B7 00 00 2C 2E 16 2F 61 30 
20 3F CE 00 00 01 F6 C4 00 00 4A 16 BA 01 07 B9 
01 82 19 01 F6 C4 00 00 0B 00 F7 37 00 00 00 1B 
5B 44 00 00 00 00 00 00 4A 16 18 39 00 9A 19 19 
01 F6 C4 00 00 0A 00 D0 C9 00 00 00 1B E5 37 00 
00 00 00 00 00 16 09 00 F7 B7 00 00 00 01 F7 B7 
00 00 2C 26 16 16 B9 00 12 CB 00 00 38 3F 2C 0F 
16 31 30 07 DD 01 77 1B 86 37 00 00 00 00 00 00 
2C 1F 16 2A 16 B6 00 12 CB 00 00 1E 9A 99 19 3F 
16 07 BA 02 77 00 14 CB 00 00 2A 16 07 BA 02 82 
84 19 00 14 CB 00 00 0A 00 6D CF 00 00 00 1B 90 
45 00 00 00 00 00 00 16 18 21 00 19 00 14 CB 00 
00 0B 00 CB FF FF FF 00 C5 21 0C 83 00 00 00 00 
00 00 16 16 18 73 00 84 82 77 1B 56 39 00 00 00 
00 00 00 16 2A 16 18 26 00 77 19 1B 56 39 00 00 
00 00 00 00 16 0C 00 90 BB 00 00 00 1B 23 3B 00 
00 00 00 00 00 24 48 16 2A 16 16 18 37 00 9A 35 
56 0F 00 00 58 0F 00 00 00 00 19 1B E5 37 00 00 
00 00 00 00 16 09 00 03 B8 00 00 00 01 03 B8 00 
00 2C 0D 16 16 16 B6 00 12 CB 00 00 1E 9A 99 19 
3F 16 07 DA 02 97 1B 64 3B 00 00 00 00 00 00 16 
25 16 B6 00 12 CB 00 00 1E 00 00 00 3F 16 07 6F 
03 82 77 00 15 CB 00 00 2A 16 18 23 00 19 1B E5 
37 00 00 00 00 00 00 16 0C 00 2F B8 00 00 00 1B 
B7 3D 00 00 00 00 00 00 2C 8F 16 16 0F 00 11 CB 
00 00 E1 D8 1B 94 39 00 00 00 00 00 00 16 19 00 
15 CB 00 00 0A 00 CD 37 00 00 00 1B 94 39 00 00 
00 00 00 00 16 16 16 07 6F 03 B2 00 11 CB 00 00 
AB 38 3F 2C 04 38 3F 2C 60 16 16 B6 00 12 CB 00 
00 1E 1F 85 2B 3F 16 07 E1 03 19 1B E5 37 00 00 
00 00 00 00 16 0C 00 2F B8 00 00 00 1B B7 3D 00 
00 00 00 00 00 2C 8E 16 07 E1 03 B1 00 12 CB 00 
00 38 3F 26 16 B6 00 12 CB 00 00 AE 1E 9A 99 19 
3F AB 1E CD CC CC 3E F4 AC 1E 00 00 00 40 00 12 
CB 00 00 16 1E 00 00 80 3F 16 16 16 16 14 2D 01 
0C C5 00 00 27 07 1C 04 1B DC 45 00 00 00 00 00 
00 16 B8 00 12 CB 00 00 F5 38 3F 2C 03 AB 1E 00 
00 00 3F AF 38 3F 00 16 CB 00 00 00 12 CB 00 00 
16 16 16 16 07 C8 06 1C 57 36 00 00 16 07 C8 06 
81 84 1B FA 44 00 00 00 00 00 00 00 15 CB 00 00 
16 18 32 00 82 77 00 14 CB 00 00 2A 16 18 21 00 
19 00 14 CB 00 00 0B 00 CB FF FF FF 00 C5 21 16 
83 00 00 00 00 00 00 16 16 16 16 0F 00 11 CB 00 
00 00 12 CB 00 00 07 12 05 9A 01 12 3A 00 00 19 
19 2E 54 32 00 00 19 12 20 35 FE FF FF 0A 00 92 
F9 FF FF 00 1C D5 FB FF FF 16 09 00 50 F9 FF FF 
00 01 50 F9 FF FF 09 00 46 32 00 00 00 01 46 32 
00 00 09 00 29 12 00 00 00 01 29 12 00 00 16 B9 
00 12 CB 00 00 1E 83 C0 2A 3F 16 06 22 05 B9 00 
12 CB 00 00 1E 00 00 80 3F 16 07 C7 05 1B 28 45 
00 00 00 00 00 00 16 07 B7 05 9A 01 12 3A 00 00 
19 19 2E 54 32 00 00 19 12 20 35 FE FF FF 0A 00 
92 F9 FF FF 00 1C D5 FB FF FF 16 09 00 50 F9 FF 
FF 00 01 50 F9 FF FF 09 00 46 32 00 00 00 01 46 
32 00 00 09 00 29 12 00 00 00 01 29 12 00 00 16 
B9 00 12 CB 00 00 1E 83 C0 2A 3F 16 06 C7 05 B9 
00 12 CB 00 00 1E 00 00 80 3F 16 07 FC 05 19 1B 
E5 37 00 00 00 00 00 00 16 0C 00 2F B8 00 00 00 
1B B7 3D 00 00 00 00 00 00 2C 11 16 B9 00 12 CB 
00 00 1E 00 00 C0 3F 16 07 C8 06 19 1B E5 37 00 
00 00 00 00 00 16 0C 00 2F B8 00 00 00 1B B7 3D 
00 00 00 00 00 00 2C 8C 16 07 C8 06 1B 52 3D 00 
00 00 00 00 00 2C AA 16 07 B8 06 9A 01 12 3A 00 
00 19 19 2E 54 32 00 00 19 12 20 35 FE FF FF 0A 
00 92 F9 FF FF 00 1C D5 FB FF FF 16 09 00 50 F9 
FF FF 00 01 50 F9 FF FF 09 00 46 32 00 00 00 01 
46 32 00 00 09 00 29 12 00 00 00 01 29 12 00 00 
16 B9 00 12 CB 00 00 1E 83 C0 2A 3F 16 06 C8 06 
B9 00 12 CB 00 00 1E 00 00 80 3F 16 07 20 09 77 
00 15 CB 00 00 2A 16 07 21 07 19 19 00 15 CB 00 
00 0A 00 D0 C9 00 00 00 1B E5 37 00 00 00 00 00 
00 16 0C 00 2F B8 00 00 00 1B B7 3D 00 00 00 00 
00 00 2C 8A 16 B8 00 12 CB 00 00 1E 00 00 80 3F 
16 07 FB 07 12 20 E2 10 00 00 53 00 77 10 00 00 
00 1C 7A 10 00 00 35 55 0F 00 00 58 0F 00 00 00 
01 19 19 00 15 CB 00 00 0A 00 D0 C9 00 00 00 1B 
E5 37 00 00 00 00 00 00 16 09 00 03 B8 00 00 00 
01 03 B8 00 00 2C C6 16 07 FB 07 82 82 77 00 14 
CB 00 00 2A 16 18 24 00 81 19 00 14 CB 00 00 0C 
00 6F CF 00 00 00 1B 90 3D 00 00 00 00 00 00 2C 
06 16 16 16 18 24 00 81 19 00 14 CB 00 00 0C 00 
6F CF 00 00 00 1B 90 3D 00 00 00 00 00 00 2C 02 
16 16 16 B8 00 12 CB 00 00 1E 00 00 00 40 16 07 
00 09 77 00 14 CB 00 00 2A 16 07 00 09 9A 38 3A 
12 20 32 87 00 00 29 00 B4 85 00 00 00 1B 34 3C 
00 00 00 00 00 00 19 00 14 CB 00 00 0A 00 E3 BB 
00 00 00 1B D8 46 00 00 00 00 00 00 16 16 2C 03 
16 07 D7 08 97 9C 1A 2C 7B 35 54 0F 00 00 58 0F 
00 00 00 00 19 19 00 15 CB 00 00 0A 00 D0 C9 00 
00 00 1B E5 37 00 00 00 00 00 00 16 09 00 03 B8 
00 00 00 01 03 B8 00 00 2C 20 16 25 16 B8 00 12 
CB 00 00 AB 38 3F 2C 02 12 20 32 87 00 00 09 00 
C3 11 00 00 00 02 C3 11 00 00 16 16 06 00 09 B8 
00 12 CB 00 00 12 20 32 87 00 00 09 00 C3 11 00 
00 00 02 C3 11 00 00 16 0F 00 12 CB 00 00 F4 00 
12 CB 00 00 38 3F 00 16 CB 00 00 16 07 24 0B B0 
00 12 CB 00 00 38 3F 00 16 CB 00 00 16 07 12 0A 
77 00 15 CB 00 00 2A 16 07 12 0A 82 77 00 14 CB 
00 00 2A 16 18 24 00 19 00 14 CB 00 00 0C 00 6F 
CF 00 00 00 1B 90 3D 00 00 00 00 00 00 2C 06 16 
16 07 12 0A 81 12 20 E2 10 00 00 53 00 77 10 00 
00 00 1C 7A 10 00 00 35 55 0F 00 00 58 0F 00 00 
00 01 19 19 00 15 CB 00 00 0A 00 D0 C9 00 00 00 
1B E5 37 00 00 00 00 00 00 16 09 00 03 B8 00 00 
00 01 03 B8 00 00 2C C5 16 16 B9 00 12 CB 00 00 
AB 1E 00 00 00 3F AF 38 3F 00 16 CB 00 00 00 12 
CB 00 00 16 16 16 0F 00 12 CB 00 00 F5 00 12 CB 
00 00 38 3F 25 16 07 7E 0A 82 77 00 14 CB 00 00 
2A 16 18 21 00 19 00 14 CB 00 00 0B 00 CB FF FF 
FF 00 C5 21 0C 83 00 00 00 00 00 00 16 16 0F 00 
10 CB 00 00 1C 9D FC FF FF 00 12 CB 00 00 16 06 
E2 0A 07 C5 0A B0 C3 16 AF 00 12 CB 00 00 38 3F 
1C 9D FC FF FF 00 12 CB 00 00 16 16 16 0F 00 10 
CB 00 00 1C 9E FC FF FF 00 12 CB 00 00 16 06 E2 
0A 0F 00 10 CB 00 00 1C 9D FC FF FF 00 12 CB 00 
00 16 07 1A 0B 97 93 00 16 CB 00 00 00 10 CB 00 
00 16 25 16 0F 01 02 C5 00 00 93 00 16 CB 00 00 
00 10 CB 00 00 16 04 00 10 CB 00 00 04 00 16 CB 
00 00 0B 0B 0B 0B 53 


EXPAND_UNDO=XGUnit.AbsorbDamage

OBJECT=UITacticalHUD_SoldierStatsContainer.SetStats

REL_OFFSET=40

[MODDED_HEX]
00 00 00 00 00 00 00 00 00 00 00 00 00 00 00 00 
00 00 00 00 00 00 00 00 00 00 00 00 00 00 00 00 
00 00 00 00 00 00 00 00 00 00 00 00 00 00 00 00 
00 00 00 00 00 00 00 00 00 00 00 00 00 00 00 00 
00 00 00 00 00 00 00 00 00 00 00 00 00 00 00 00 
00 00 00 00 00 00 00 00 00 00 00 00 00 00 00 00 
00 00 00 00 00 00 00 00 00 00 00 00 00 00 00 00 
00 00 00 00 00 00 00 00 00 00 00 00 00 00 00 00 
00 00 00 00 00 00 00 00 00 00 00 00 00 00 00 00 
00 00 00 00 00 00 00 00 00 00 00 00 00 00 00 00 
00 00 00 00 00 00 00 00 00 00 00 00 00 00 00 00 
00 00 00 00 00 00 00 00 00 00 00 00 00 00 00 00 
00 00 00 00 00 00 00 00 00 00 00 00 00 00 00 00 
00 00 00 00 00 00 00 00 00 00 00 00 00 00 00 00 
00 00 00 00 00 00 00 00 00 00 00 00 00 00 00 00 
00 00 00 00 00 00 00 00 00 00 00 00 00 00 00 00 
00 00 00 00 00 00 00 00 00 00 00 00 00 00 00 00 
00 00 00 00 00 00 00 00 00 00 00 00 00 00 00 00 
00 00 00 00 00 00 00 00 00 00 00 00 00 00 00 00 
00 00 00 00 00 00 00 00 00 00 00 00 00 00 00 00 
00 00 00 00 00 00 00 00 00 00 00 00 00 00 00 00 
00 00 00 00 00 00 00 00 00 00 00 00 00 00 00 00 
00 00 00 00 00 00 00 00 00 00 00 00 00 00 00 00 
00 00 00 00 00 00 00 00 00 00 00 00 00 00 00 00 
00 00 00 00 00 00 00 00 00 00 00 00 00 00 00 00 
00 00 00 00 00 00 00 00 00 00 00 00 00 00 00 00 
00 00 00 00 00 00 00 00 00 00 00 00 00 00 00 00 
00 00 00 00 00 00 00 00 00 00 00 00 00 00 00 00 
00 00 00 00 00 00 00 00 00 00 00 00 00 00 00 00 
00 00 00 00 00 00 00 00 00 00 00 00 00 00 00 00 
00 00 00 00 00 00 00 00 00 00 00 00 00 00 00 00 
00 00 00 00 00 00 00 00 00 00 00 00 00 00 00 00 
00 00 00 00 00 00 00 00 00 00 00 00 00 00 00 00 
00 00 00 00 00 00 00 00 00 00 00 00 00 00 00 00 
00 00 00 00 00 00 00 00 00 00 00 00 00 00 00 00 
00 00 00 00 00 00 00 00 00 00 00 00 00 00 00 00 
00 00 00 00 00 00 00 00 00 00 00 00 00 00 00 00 
00 00 00 00 00 00 00 00 00 00 00 00 00 00 00 00 
00 00 00 00 00 00 00 00 00 00 00 00 00 00 00 00 
00 00 00 00 00 00 00 00 00 00 00 00 00 00 00 00 
00 00 00 00 00 00 00 00 00 00 00 00 00 00 00 00 
00 00 00 00 00 00 00 00 00 00 00 00 00 00 00 00 
00 00 00 00 00 00 00 00 00 00 00 00 00 00 00 00 
00 00 00 00 00 00 00 00 00 00 00 00 00 00 00 00 
00 00 00 00 00 00 00 00 00 00 00 00 00 00 00 00 
00 00 00 00 00 00 00 00 00 00 00 00 00 00 00 00 
00 00 00 00 00 00 00 00 00 00 00 00 00 00 00 00 
00 00 00 00 00 00 00 00 00 00 00 00 00 00 00 00 
00 00 00 00 00 00 00 00 00 00 00 00 00 00 00 00 
00 00 00 00 00 00 00 00 00 00 00 00 00 00 00 00 
00 00 00 00 00 00 00 00 00 00 00 00 00 00 00 00 
00 00 00 00 00 00 00 00 00 00 00 00 00 00 00 EC 
0B 00 00 C0 07 00 00 0F 00 AB 2B 00 00 19 00 AF 
2B 00 00 0A 00 D0 C9 00 00 00 1B E5 37 00 00 00 
00 00 00 16 0F 00 AC 2B 00 00 2E 0F B9 00 00 00 
AB 2B 00 00 07 A2 05 77 00 AC 2B 00 00 2A 16 0F 
35 8C FE FF FF EB F8 FF FF 00 01 00 AE 2B 00 00 
24 03 07 F1 00 19 2E C8 28 00 00 01 98 02 00 00 
0A 00 BB 28 00 00 00 1B 92 45 00 00 00 00 00 00 
16 0F 35 A9 F8 FF FF EB F8 FF FF 00 01 00 AE 2B 
00 00 EB 35 96 0F 00 00 99 0F 00 00 00 00 19 00 
AC 2B 00 00 09 00 D4 B8 00 00 00 01 D4 B8 00 00 
16 06 2F 01 0F 35 A9 F8 FF FF EB F8 FF FF 00 01 
00 AE 2B 00 00 EB 19 00 AF 2B 00 00 0A 00 02 38 
00 00 00 1B BE 6A 00 00 00 00 00 00 16 16 55 00 
AD 2B 00 00 0A 00 00 AE 2B 00 00 16 0F 35 8C FE 
FF FF EB F8 FF FF 00 01 00 AE 2B 00 00 24 03 0F 
35 A9 F8 FF FF EB F8 FF FF 00 01 00 AE 2B 00 00 
19 00 AF 2B 00 00 0A 00 08 38 00 00 00 1B C1 6A 
00 00 00 00 00 00 16 55 00 AD 2B 00 00 0A 00 00 
AE 2B 00 00 16 07 10 02 19 00 AF 2B 00 00 0A 00 
E7 38 00 00 00 1B 68 44 00 00 00 00 00 00 16 0F 
00 A9 2B 00 00 19 00 AF 2B 00 00 0A 00 C8 C9 00 
00 00 1B 66 3B 00 00 00 00 00 00 16 14 2D 00 A8 
2B 00 00 27 06 57 02 0F 00 A9 2B 00 00 35 94 0F 
00 00 99 0F 00 00 00 00 19 00 AC 2B 00 00 09 00 
D4 B8 00 00 00 01 D4 B8 00 00 14 2D 00 A8 2B 00 
00 28 0F 35 8C FE FF FF EB F8 FF FF 00 01 00 AE 
2B 00 00 24 03 0F 35 A9 F8 FF FF EB F8 FF FF 00 
01 00 AE 2B 00 00 12 20 EC 2F 00 00 1D 00 DF 2E 
00 00 00 1B 1A 3B 00 00 00 00 00 00 00 A9 2B 00 
00 2D 00 A8 2B 00 00 16 55 00 AD 2B 00 00 0A 00 
00 AE 2B 00 00 16 0F 00 AA 2B 00 00 35 89 0F 00 
00 8B 0F 00 00 00 00 35 8D 0F 00 00 99 0F 00 00 
00 00 19 00 AC 2B 00 00 09 00 D4 B8 00 00 00 01 
D4 B8 00 00 0F 35 8C FE FF FF EB F8 FF FF 00 01 
00 AE 2B 00 00 24 03 0F 35 A9 F8 FF FF EB F8 FF 
FF 00 01 00 AE 2B 00 00 12 20 EC 2F 00 00 97 00 
E4 2E 00 00 00 1B FE 37 00 00 00 00 00 00 38 3A 
00 AA 2B 00 00 2D 35 4E 0F 00 00 58 0F 00 00 00 
00 19 00 AC 2B 00 00 09 00 03 B8 00 00 00 01 03 
B8 00 00 12 20 A7 71 00 00 3B 00 8F 71 00 00 00 
1B 45 3D 00 00 00 00 00 00 35 54 0F 00 00 58 0F 
00 00 00 00 19 00 AC 2B 00 00 09 00 03 B8 00 00 
00 01 03 B8 00 00 16 16 55 00 AD 2B 00 00 0A 00 
00 AE 2B 00 00 16 0F 35 8C FE FF FF EB F8 FF FF 
00 01 00 AE 2B 00 00 24 04 14 2D 35 B1 FE FF FF 
EB F8 FF FF 00 01 00 AE 2B 00 00 72 00 AF 2B 00 
00 19 19 00 AF 2B 00 00 0A 00 3A C8 00 00 00 1B 
8F 3B 00 00 00 00 00 00 16 0A 00 BA C1 00 00 00 
1B 92 3B 00 00 00 00 00 00 16 16 55 00 AD 2B 00 
00 0A 00 00 AE 2B 00 00 16 0F 35 8C FE FF FF EB 
F8 FF FF 00 01 00 AE 2B 00 00 24 04 14 2D 35 B1 
FE FF FF EB F8 FF FF 00 01 00 AE 2B 00 00 19 00 
AC 2B 00 00 0A 00 FD B8 00 00 00 1B 2C 4C 00 00 
00 00 00 00 16 55 00 AD 2B 00 00 0A 00 00 AE 2B 
00 00 16 0F 35 8C FE FF FF EB F8 FF FF 00 01 00 
AE 2B 00 00 24 02 0F 35 AD FC FF FF EB F8 FF FF 
00 01 00 AE 2B 00 00 38 3F 19 00 AF 2B 00 00 0A 
00 61 C8 00 00 00 1B 71 3A 00 00 00 00 00 00 16 
55 00 AD 2B 00 00 0A 00 00 AE 2B 00 00 16 06 CB 
0B 07 B7 08 19 00 AB 2B 00 00 0B 00 CB FF FF FF 
00 C5 21 77 82 00 00 00 00 00 00 16 0F 35 8C FE 
FF FF EB F8 FF FF 00 01 00 AE 2B 00 00 24 03 0F 
35 A9 F8 FF FF EB F8 FF FF 00 01 00 AE 2B 00 00 
19 00 AF 2B 00 00 0A 00 02 38 00 00 00 1B BE 6A 
00 00 00 00 00 00 16 07 7F 06 7A 35 A9 F8 FF FF 
EB F8 FF FF 00 00 00 AE 2B 00 00 1F 00 16 0F 35 
A9 F8 FF FF EB F8 FF FF 00 01 00 AE 2B 00 00 19 
00 AF 2B 00 00 0A 00 00 38 00 00 00 1B C0 6A 00 
00 00 00 00 00 16 55 00 AD 2B 00 00 0A 00 00 AE 
2B 00 00 16 0F 35 8C FE FF FF EB F8 FF FF 00 01 
00 AE 2B 00 00 24 03 0F 35 A9 F8 FF FF EB F8 FF 
FF 00 01 00 AE 2B 00 00 19 00 AF 2B 00 00 0A 00 
08 38 00 00 00 1B C1 6A 00 00 00 00 00 00 16 55 
00 AD 2B 00 00 0A 00 00 AE 2B 00 00 16 0F 35 8C 
FE FF FF EB F8 FF FF 00 01 00 AE 2B 00 00 24 02 
0F 35 AD FC FF FF EB F8 FF FF 00 01 00 AE 2B 00 
00 1E 00 00 00 C0 55 00 AD 2B 00 00 0A 00 00 AE 
2B 00 00 16 0F 35 8C FE FF FF EB F8 FF FF 00 01 
00 AE 2B 00 00 24 03 0F 35 A9 F8 FF FF EB F8 FF 
FF 00 01 00 AE 2B 00 00 1F 6E 6F 6E 65 00 55 00 
AD 2B 00 00 0A 00 00 AE 2B 00 00 16 0F 35 8C FE 
FF FF EB F8 FF FF 00 01 00 AE 2B 00 00 24 04 14 
2D 35 B1 FE FF FF EB F8 FF FF 00 01 00 AE 2B 00 
00 28 55 00 AD 2B 00 00 0A 00 00 AE 2B 00 00 16 
0F 35 8C FE FF FF EB F8 FF FF 00 01 00 AE 2B 00 
00 24 04 14 2D 35 B1 FE FF FF EB F8 FF FF 00 01 
00 AE 2B 00 00 28 55 00 AD 2B 00 00 0A 00 00 AE 
2B 00 00 16 0F 35 8C FE FF FF EB F8 FF FF 00 01 
00 AE 2B 00 00 24 02 0F 35 AD FC FF FF EB F8 FF 
FF 00 01 00 AE 2B 00 00 1E 00 00 80 BF 55 00 AD 
2B 00 00 0A 00 00 AE 2B 00 00 16 06 CB 0B 0F 35 
8C FE FF FF EB F8 FF FF 00 01 00 AE 2B 00 00 24 
03 0F 35 A9 F8 FF FF EB F8 FF FF 00 01 00 AE 2B 
00 00 19 00 AF 2B 00 00 0A 00 00 38 00 00 00 1B 
C0 6A 00 00 00 00 00 00 16 55 00 AD 2B 00 00 0A 
00 00 AE 2B 00 00 16 0F 35 8C FE FF FF EB F8 FF 
FF 00 01 00 AE 2B 00 00 24 03 0F 35 A9 F8 FF FF 
EB F8 FF FF 00 01 00 AE 2B 00 00 1F 00 55 00 AD 
2B 00 00 0A 00 00 AE 2B 00 00 16 07 01 0A 19 00 
AF 2B 00 00 0A 00 F5 37 00 00 00 1B EB 44 00 00 
00 00 00 00 16 0F 35 8C FE FF FF EB F8 FF FF 00 
01 00 AE 2B 00 00 24 03 0F 35 A9 F8 FF FF EB F8 
FF FF 00 01 00 AE 2B 00 00 1F 65 78 61 6C 74 47 
65 6E 65 72 69 63 00 55 00 AD 2B 00 00 0A 00 00 
AE 2B 00 00 16 06 58 0A 0F 35 8C FE FF FF EB F8 
FF FF 00 01 00 AE 2B 00 00 24 02 0F 35 AD FC FF 
FF EB F8 FF FF 00 01 00 AE 2B 00 00 1E 00 00 C6 
42 55 00 AD 2B 00 00 0A 00 00 AE 2B 00 00 16 0F 
35 8C FE FF FF EB F8 FF FF 00 01 00 AE 2B 00 00 
24 03 0F 35 A9 F8 FF FF EB F8 FF FF 00 01 00 AE 
2B 00 00 1F 6E 6F 6E 65 00 55 00 AD 2B 00 00 0A 
00 00 AE 2B 00 00 16 0F 35 8C FE FF FF EB F8 FF 
FF 00 01 00 AE 2B 00 00 24 04 14 2D 35 B1 FE FF 
FF EB F8 FF FF 00 01 00 AE 2B 00 00 28 55 00 AD 
2B 00 00 0A 00 00 AE 2B 00 00 16 0F 35 8C FE FF 
FF EB F8 FF FF 00 01 00 AE 2B 00 00 24 04 14 2D 
35 B1 FE FF FF EB F8 FF FF 00 01 00 AE 2B 00 00 
28 55 00 AD 2B 00 00 0A 00 00 AE 2B 00 00 16 0F 
35 8C FE FF FF EB F8 FF FF 00 01 00 AE 2B 00 00 
24 02 0F 35 AD FC FF FF EB F8 FF FF 00 01 00 AE 
2B 00 00 38 3F 19 00 AB 2B 00 00 0A 00 1F B8 00 
00 00 1B EF 37 00 00 00 00 00 00 16 55 00 AD 2B 
00 00 0A 00 00 AE 2B 00 00 16 1B 8D 43 00 00 00 
00 00 00 1F 53 65 74 53 74 61 74 73 00 00 AD 2B 
00 00 4A 16 04 0B 53 


EXPAND_UNDO=UITacticalHUD_SoldierStatsContainer.SetStats

OBJECT=XGUnit.RecordKill

REL_OFFSET=40

[MODDED_HEX]
00 00 00 00 00 00 00 00 00 00 00 00 00 00 00 00 
00 00 00 00 00 00 00 00 00 00 00 00 00 00 00 00 
00 00 00 00 00 00 00 00 00 00 00 00 00 00 00 00 
00 00 00 00 00 00 00 00 00 00 00 00 00 00 00 00 
00 00 00 00 00 00 00 00 00 00 00 00 00 00 00 00 
00 00 00 00 00 00 00 00 00 00 00 00 00 00 00 00 
00 00 00 00 00 00 00 00 00 00 00 00 00 00 00 00 
00 00 00 00 00 00 00 00 00 00 00 00 00 00 00 00 
00 00 00 00 00 00 00 00 00 00 00 00 00 00 00 00 
00 00 00 00 00 00 00 00 00 00 00 00 00 00 00 00 
00 00 00 00 00 00 00 00 00 00 00 00 00 00 00 00 
00 00 00 00 00 00 00 00 00 00 00 00 00 00 00 00 
00 00 00 00 00 00 00 00 00 00 00 00 00 00 00 00 
00 00 00 00 00 00 00 00 00 00 00 00 00 00 00 00 
00 00 00 00 00 00 00 00 00 00 00 00 00 00 00 00 
00 00 00 00 00 00 00 00 00 00 00 00 00 00 00 00 
00 00 00 00 00 00 00 00 00 00 00 00 00 00 00 00 
00 00 00 00 00 00 00 00 00 00 00 00 00 00 00 00 
00 00 00 00 00 00 00 00 00 00 00 00 00 00 00 00 
00 00 00 00 00 00 00 00 00 00 00 00 00 00 00 00 
00 00 00 00 00 00 00 00 00 00 00 00 00 00 00 00 
00 00 00 00 00 00 00 00 00 00 00 00 00 00 00 00 
00 00 00 00 00 00 00 00 00 00 00 00 00 00 00 00 
00 00 00 00 00 00 00 00 00 00 00 00 00 00 00 00 
00 00 00 00 00 00 00 00 00 00 00 00 00 00 00 00 
00 00 00 00 00 00 00 00 00 00 00 00 00 00 00 00 
00 00 00 00 00 00 00 00 00 00 00 00 00 00 00 00 
00 00 00 00 00 00 00 00 00 00 00 00 00 00 00 00 
00 00 00 00 00 00 00 00 00 00 00 00 00 00 00 00 
00 00 00 00 00 00 00 00 00 00 00 00 00 00 00 00 
00 00 00 00 00 00 00 00 00 00 00 00 00 00 00 00 
00 00 00 00 00 00 00 00 00 00 00 00 00 00 00 00 
00 00 00 00 00 00 00 00 00 00 00 00 00 00 00 00 
00 00 00 00 00 00 00 00 00 00 00 00 00 00 00 00 
00 00 00 00 00 00 00 00 00 00 00 00 00 00 00 00 
00 00 00 00 00 00 00 00 00 00 00 00 00 00 00 00 
00 00 00 00 00 00 00 00 00 00 00 00 00 00 00 00 
00 00 00 00 00 00 00 00 00 00 00 00 00 00 00 00 
00 00 00 00 00 00 00 00 00 00 00 00 00 00 00 00 
00 00 00 00 00 00 00 00 00 00 00 00 00 00 00 00 
00 00 00 00 00 00 00 00 00 00 00 00 00 00 00 00 
00 00 00 00 00 00 00 00 00 00 00 00 00 00 00 00 
00 00 00 00 00 00 00 00 00 00 00 00 00 00 00 00 
00 00 00 00 00 00 00 00 00 00 00 00 00 00 00 00 
00 00 00 00 00 00 00 00 00 00 00 00 00 00 00 00 
00 00 00 00 00 00 00 00 00 00 00 00 00 00 00 00 
00 00 00 00 00 00 00 00 00 00 00 00 00 00 00 00 
00 00 00 00 00 00 00 00 00 00 00 00 00 00 00 00 
00 00 00 00 00 00 00 00 00 00 00 00 00 00 00 00 
00 00 00 00 00 00 00 00 00 00 00 00 00 00 00 00 
00 00 00 00 00 00 00 00 00 00 00 00 00 00 00 00 
00 00 00 00 00 00 00 00 00 00 00 00 00 00 00 00 
00 00 00 00 00 00 00 00 00 00 00 00 00 00 00 00 
00 00 00 00 00 00 00 00 00 00 00 00 00 00 00 00 
00 00 00 00 00 00 00 00 00 00 00 00 00 00 00 00 
00 00 00 00 00 00 00 00 00 00 00 00 00 00 00 00 
00 00 00 00 00 00 00 00 00 00 00 00 00 00 00 00 
00 00 00 00 00 00 00 00 00 00 00 00 00 00 00 00 
00 00 00 00 00 00 00 00 00 00 00 00 00 00 00 00 
00 00 00 00 00 00 00 00 00 00 00 00 00 00 00 00 
00 00 00 00 00 00 00 00 00 00 00 00 00 00 00 00 
00 00 00 00 00 00 00 00 00 00 00 00 00 00 00 00 
00 00 00 00 00 00 00 00 00 00 00 00 00 00 00 00 
00 00 00 00 00 00 00 00 00 00 00 00 00 00 00 00 
00 00 00 00 00 00 00 00 00 00 00 00 00 00 00 00 
00 00 00 00 00 00 00 00 00 00 00 00 00 00 00 00 
00 00 00 00 00 00 00 00 00 00 00 00 00 00 00 00 
00 00 00 00 00 00 00 00 00 00 00 00 00 00 00 00 
00 00 00 00 00 00 00 00 00 00 00 00 00 00 00 00 
00 00 00 00 00 00 00 00 00 00 00 00 00 00 00 00 
00 00 00 00 00 00 00 00 00 00 00 00 00 00 00 00 
00 00 00 00 00 00 00 00 00 00 00 00 00 00 00 00 
00 00 00 00 00 00 00 00 00 00 00 00 00 00 00 00 
00 00 00 00 00 00 00 00 00 00 00 00 00 00 00 00 
00 00 00 00 00 00 00 00 00 00 00 00 00 00 00 00 
00 00 00 00 00 00 00 00 00 00 00 00 00 00 00 00 
00 00 00 00 00 00 00 00 00 00 00 00 00 00 00 00 
00 00 00 00 00 00 00 00 00 00 00 00 00 00 00 00 
00 00 00 00 00 00 00 00 00 00 00 00 00 00 00 00 
00 00 00 00 00 00 00 00 00 00 00 00 00 00 00 00 
00 00 00 00 00 00 00 00 00 00 00 00 00 00 00 00 
00 00 00 00 00 00 00 00 00 00 00 00 00 00 00 00 
00 00 00 00 00 00 00 00 00 00 00 00 00 00 00 00 
00 00 00 00 00 00 00 00 00 00 00 00 00 00 00 00 
00 00 00 00 00 00 00 00 00 00 00 00 00 00 00 00 
00 00 00 00 00 00 00 00 00 00 00 00 00 00 00 00 
00 00 00 00 00 00 00 00 00 00 00 00 00 00 00 00 
00 00 00 00 00 00 00 00 00 00 00 00 00 00 00 00 
00 00 00 00 00 00 00 00 00 00 00 00 00 00 00 00 
00 00 00 00 00 00 00 00 FD 08 00 00 29 06 00 00 
49 02 00 28 15 0F 00 59 CA 00 00 2E 2C 94 00 00 
01 23 3A 00 00 07 58 00 77 00 59 CA 00 00 2A 16 
19 00 59 CA 00 00 13 00 00 00 00 00 00 1B D2 02 
00 00 00 00 00 00 00 5B CA 00 00 16 07 FA 08 82 
9A 35 56 0F 00 00 58 0F 00 00 00 00 19 1B E5 37 
00 00 00 00 00 00 16 09 00 03 B8 00 00 00 01 03 
B8 00 00 2C 02 16 18 14 00 1B E0 44 00 00 00 00 
00 00 00 5B CA 00 00 16 16 14 2D 00 58 CA 00 00 
19 2E 0F B9 00 00 1B E5 37 00 00 00 00 00 00 16 
0A 00 FD B8 00 00 00 1B 2C 4C 00 00 00 00 00 00 
16 19 2E 0F B9 00 00 1B E5 37 00 00 00 00 00 00 
16 7D 00 00 00 00 00 00 1B E0 02 00 00 00 00 00 
00 19 19 2E 54 32 00 00 19 12 20 35 FE FF FF 0A 
00 92 F9 FF FF 00 1C D5 FB FF FF 16 09 00 50 F9 
FF FF 00 01 50 F9 FF FF 09 00 46 32 00 00 00 01 
46 32 00 00 15 00 E8 85 00 00 00 1B 05 11 00 00 
00 00 00 00 17 25 00 5B CA 00 00 16 16 07 F1 01 
82 19 2E 0F B9 00 00 1B E5 37 00 00 00 00 00 00 
16 0A 00 FD B8 00 00 00 1B 2C 4C 00 00 00 00 00 
00 16 18 0D 00 81 2D 00 58 CA 00 00 16 16 19 2E 
8F 64 00 00 01 AA F9 FF FF 1D 00 00 00 00 00 00 
1B E7 13 00 00 00 00 00 00 2E 0F B9 00 00 1B E5 
37 00 00 00 00 00 00 16 16 07 FA 08 77 2E EB B3 
00 00 19 2E E4 32 00 00 19 12 20 35 FE FF FF 0A 
00 92 F9 FF FF 00 1C D5 FB FF FF 16 09 00 50 F9 
FF FF 00 01 50 F9 FF FF 09 00 F0 32 00 00 00 01 
F0 32 00 00 2A 16 07 FA 08 19 00 5B CA 00 00 0A 
00 11 C7 00 00 00 1B 53 44 00 00 00 00 00 00 16 
07 DF 02 1B 01 45 00 00 00 00 00 00 16 19 2E C0 
46 00 00 19 2E 2B FE FF FF 12 20 35 FE FF FF 0A 
00 91 F9 FF FF 00 1C D4 FB FF FF 16 09 00 8D F9 
FF FF 00 01 8D F9 FF FF 0C 00 00 00 00 00 00 1B 
02 7B 00 00 00 00 00 00 24 0E 16 19 19 2E E4 32 
00 00 19 12 20 35 FE FF FF 0A 00 92 F9 FF FF 00 
1C D5 FB FF FF 16 09 00 50 F9 FF FF 00 01 50 F9 
FF FF 09 00 F0 32 00 00 00 01 F0 32 00 00 11 00 
00 00 00 00 00 1B FE 73 00 00 00 00 00 00 24 06 
1E 00 00 80 3F 16 19 19 2E E4 32 00 00 19 12 20 
35 FE FF FF 0A 00 92 F9 FF FF 00 1C D5 FB FF FF 
16 09 00 50 F9 FF FF 00 01 50 F9 FF FF 09 00 F0 
32 00 00 00 01 F0 32 00 00 0D 00 24 B2 00 00 00 
1B FF 73 00 00 00 00 00 00 24 63 26 16 07 A0 04 
2D 00 5A CA 00 00 19 19 2E E4 32 00 00 19 12 20 
35 FE FF FF 0A 00 92 F9 FF FF 00 1C D5 FB FF FF 
16 09 00 50 F9 FF FF 00 01 50 F9 FF FF 09 00 F0 
32 00 00 00 01 F0 32 00 00 11 00 00 00 00 00 00 
1B FE 73 00 00 00 00 00 00 24 07 1E 00 00 80 3F 
16 19 19 2E E4 32 00 00 19 12 20 35 FE FF FF 0A 
00 92 F9 FF FF 00 1C D5 FB FF FF 16 09 00 50 F9 
FF FF 00 01 50 F9 FF FF 09 00 F0 32 00 00 00 01 
F0 32 00 00 0D 00 24 B2 00 00 00 1B FF 73 00 00 
00 00 00 00 24 64 26 16 07 71 05 B3 19 19 2E E4 
32 00 00 19 12 20 35 FE FF FF 0A 00 92 F9 FF FF 
00 1C D5 FB FF FF 16 09 00 50 F9 FF FF 00 01 50 
F9 FF FF 09 00 F0 32 00 00 00 01 F0 32 00 00 0C 
00 37 B2 00 00 00 1B 00 74 00 00 00 00 00 00 24 
07 16 38 3F 2C 32 16 19 2E C0 46 00 00 19 2E 2B 
FE FF FF 12 20 35 FE FF FF 0A 00 91 F9 FF FF 00 
1C D4 FB FF FF 16 09 00 8D F9 FF FF 00 01 8D F9 
FF FF 0C 00 00 00 00 00 00 1B 02 7B 00 00 00 00 
00 00 24 07 16 07 42 06 B3 19 19 2E E4 32 00 00 
19 12 20 35 FE FF FF 0A 00 92 F9 FF FF 00 1C D5 
FB FF FF 16 09 00 50 F9 FF FF 00 01 50 F9 FF FF 
09 00 F0 32 00 00 00 01 F0 32 00 00 0C 00 37 B2 
00 00 00 1B 00 74 00 00 00 00 00 00 24 06 16 38 
3F 2C 96 16 19 2E C0 46 00 00 19 2E 2B FE FF FF 
12 20 35 FE FF FF 0A 00 91 F9 FF FF 00 1C D4 FB 
FF FF 16 09 00 8D F9 FF FF 00 01 8D F9 FF FF 0C 
00 00 00 00 00 00 1B 02 7B 00 00 00 00 00 00 24 
08 16 07 16 07 B3 19 19 2E E4 32 00 00 19 12 20 
35 FE FF FF 0A 00 92 F9 FF FF 00 1C D5 FB FF FF 
16 09 00 50 F9 FF FF 00 01 50 F9 FF FF 09 00 F0 
32 00 00 00 01 F0 32 00 00 0C 00 37 B2 00 00 00 
1B 00 74 00 00 00 00 00 00 24 06 16 38 3F 1D F4 
01 00 00 16 19 2E C0 46 00 00 19 2E 2B FE FF FF 
12 20 35 FE FF FF 0A 00 91 F9 FF FF 00 1C D4 FB 
FF FF 16 09 00 8D F9 FF FF 00 01 8D F9 FF FF 0C 
00 00 00 00 00 00 1B 02 7B 00 00 00 00 00 00 24 
09 16 07 A9 07 82 9A 19 00 5B CA 00 00 0A 00 41 
3B 00 00 00 1B F4 37 00 00 00 00 00 00 16 2C 1F 
16 18 0B 00 2D 00 5A CA 00 00 16 19 2E C0 46 00 
00 19 2E 2B FE FF FF 12 20 35 FE FF FF 0A 00 91 
F9 FF FF 00 1C D4 FB FF FF 16 09 00 8D F9 FF FF 
00 01 8D F9 FF FF 0C 00 00 00 00 00 00 1B 02 7B 
00 00 00 00 00 00 24 4D 16 06 FA 08 77 2E 1F B4 
00 00 19 2E E4 32 00 00 19 12 20 35 FE FF FF 0A 
00 92 F9 FF FF 00 1C D5 FB FF FF 16 09 00 50 F9 
FF FF 00 01 50 F9 FF FF 09 00 F0 32 00 00 00 01 
F0 32 00 00 2A 16 07 FA 08 72 17 19 2E 1F B4 00 
00 19 2E E4 32 00 00 19 12 20 35 FE FF FF 0A 00 
92 F9 FF FF 00 1C D5 FB FF FF 16 09 00 50 F9 FF 
FF 00 01 50 F9 FF FF 09 00 F0 32 00 00 00 01 F0 
32 00 00 0A 00 F5 B3 00 00 00 1B 4B 38 00 00 00 
00 00 00 16 16 A5 01 C1 C4 00 00 16 07 FA 08 97 
01 C1 C4 00 00 2C 02 16 19 2E C0 46 00 00 19 2E 
2B FE FF FF 12 20 35 FE FF FF 0A 00 91 F9 FF FF 
00 1C D4 FB FF FF 16 09 00 8D F9 FF FF 00 01 8D 
F9 FF FF 0C 00 00 00 00 00 00 1B 02 7B 00 00 00 
00 00 00 24 4B 16 04 0B 53 


EXPAND_UNDO=XGUnit.RecordKill

OBJECT=UIUnitGermanMode.UpdateHeader

REL_OFFSET=40

[MODDED_HEX]
00 00 00 00 00 00 00 00 00 00 00 00 00 00 00 00 
00 00 00 00 00 00 00 00 00 00 00 00 00 00 00 00 
00 00 00 00 00 00 00 00 00 00 00 00 00 00 00 00 
00 00 00 00 00 00 00 00 00 00 00 00 00 00 00 00 
00 00 00 00 00 00 00 00 00 00 00 00 00 00 00 00 
00 00 00 00 00 00 00 00 00 00 00 00 00 00 00 00 
00 00 00 00 00 00 00 00 00 00 00 00 00 00 00 00 
00 00 00 00 00 00 00 00 00 00 00 00 00 00 00 00 
00 00 00 00 00 00 00 00 00 00 00 00 00 00 00 00 
00 00 00 00 00 00 00 00 00 00 00 00 00 00 00 00 
00 00 00 00 00 00 00 00 00 00 00 00 00 00 00 00 
00 00 00 00 00 00 00 00 00 00 00 00 00 00 00 00 
00 00 00 00 00 00 00 00 00 00 00 00 00 00 00 00 
00 00 00 00 00 00 00 00 00 00 00 00 00 00 00 00 
00 00 00 00 00 00 00 00 00 00 00 00 00 00 00 00 
00 00 00 00 00 00 00 00 00 00 00 00 00 00 00 00 
00 00 00 00 00 00 00 00 00 00 00 00 00 00 00 00 
00 00 00 00 00 00 00 00 00 00 00 00 00 00 00 00 
00 00 00 00 00 00 00 00 00 00 00 00 00 00 00 00 
00 00 00 00 00 00 00 00 00 00 00 00 00 00 00 00 
00 00 00 00 00 00 00 00 00 00 00 00 00 00 00 00 
00 00 00 00 00 00 00 00 00 00 00 00 00 00 00 00 
00 00 00 00 00 00 00 00 00 00 00 00 00 00 00 00 
00 00 00 00 00 00 00 00 00 00 00 00 00 00 00 00 
00 00 00 00 00 00 00 00 00 00 00 00 00 00 00 00 
00 00 00 00 00 00 00 00 00 00 00 00 00 00 00 00 
00 00 00 00 00 00 00 00 00 00 00 00 00 00 00 00 
00 00 00 00 00 00 00 00 00 00 00 00 00 00 00 00 
00 00 00 00 00 00 00 00 00 00 00 00 00 00 00 00 
00 00 00 00 00 00 00 00 00 00 00 00 00 00 00 00 
00 00 00 00 00 00 00 00 00 00 00 00 00 00 00 00 
00 00 00 00 00 00 00 00 00 00 00 00 00 00 00 00 
00 00 00 00 00 00 00 00 00 00 00 00 00 00 00 00 
00 00 00 00 00 00 00 00 00 00 00 00 00 00 00 00 
00 00 00 00 00 00 00 00 00 00 00 00 00 00 00 00 
00 00 00 00 00 00 00 00 00 00 00 00 00 00 00 00 
00 00 00 00 00 00 00 00 00 00 00 00 00 00 00 00 
00 00 00 00 00 00 00 00 00 00 00 00 00 00 00 00 
00 00 00 00 00 00 00 00 00 00 00 00 00 00 00 00 
00 00 00 00 00 00 00 00 00 00 00 00 00 00 00 00 
00 00 00 00 00 00 00 00 00 00 00 00 00 00 00 00 
00 00 00 00 00 00 00 00 00 00 00 00 00 00 00 00 
00 00 00 00 00 00 00 00 00 00 00 00 00 00 00 00 
00 00 00 00 00 00 00 00 00 00 00 00 00 00 00 00 
00 00 00 00 00 00 00 00 00 00 00 00 00 00 00 00 
00 00 00 00 00 00 00 00 00 00 00 00 00 00 00 00 
00 00 00 00 00 00 00 00 00 00 00 00 00 00 00 00 
00 00 00 00 00 00 00 00 00 00 00 00 00 00 00 00 
00 00 00 00 00 00 00 00 00 00 00 00 00 00 00 00 
00 00 00 00 00 00 00 00 00 00 00 00 00 00 00 00 
00 00 00 00 00 00 00 00 00 00 00 00 00 00 00 00 
00 00 00 00 00 00 00 00 00 00 00 00 00 00 00 00 
00 00 00 00 00 00 00 00 00 00 00 00 00 00 00 00 
00 00 00 00 00 00 00 00 00 00 00 00 00 00 00 00 
00 00 00 00 00 00 00 00 00 00 00 00 00 00 00 00 
00 00 00 00 00 00 00 00 00 00 00 00 00 00 00 00 
00 00 00 00 00 00 00 00 00 00 00 00 00 00 00 00 
00 00 00 00 00 00 00 00 00 00 00 00 00 00 00 00 
00 00 00 00 00 00 00 00 00 00 00 00 00 00 00 00 
00 00 00 00 00 00 00 00 00 00 00 00 00 00 00 00 
00 00 00 00 00 00 00 00 00 00 00 00 00 00 00 00 
00 00 00 00 00 00 00 00 00 00 00 00 00 00 00 00 
00 00 00 00 00 00 00 00 00 00 00 00 00 00 00 00 
00 00 00 00 00 00 00 00 00 00 00 00 00 00 00 00 
00 00 00 00 00 00 00 00 00 00 00 00 00 00 00 00 
00 00 00 00 00 00 00 00 00 00 00 00 00 00 00 00 
00 00 00 00 00 00 00 00 00 00 00 00 00 00 00 00 
00 00 00 00 00 00 00 00 00 00 00 00 00 00 00 00 
00 00 00 00 00 00 00 00 00 00 00 00 00 00 00 00 
00 00 00 00 00 00 00 00 00 00 00 00 00 00 00 00 
00 00 00 00 00 00 00 00 00 00 00 00 00 00 00 00 
00 00 00 00 00 00 00 00 00 00 00 00 00 00 00 00 
00 00 00 00 00 00 00 00 00 00 00 00 00 00 00 00 
00 00 00 00 00 00 00 00 00 00 00 00 00 00 00 00 
00 00 00 00 00 00 00 00 00 00 00 00 00 00 00 00 
00 00 00 00 00 00 00 00 00 00 00 00 00 00 00 00 
00 00 00 00 00 00 00 00 00 00 00 00 00 00 00 00 
00 00 00 00 00 00 00 00 00 00 00 00 00 00 00 00 
00 00 00 00 00 00 00 00 00 00 00 00 00 00 00 00 
00 00 00 00 00 00 00 00 00 00 00 00 00 00 00 00 
00 00 00 00 00 00 00 00 00 00 00 00 00 00 00 00 
00 00 00 00 00 00 00 00 00 00 00 00 00 00 00 00 
00 00 00 00 00 00 00 00 00 00 00 00 00 00 00 00 
00 00 00 00 00 00 00 00 00 00 00 00 00 00 00 00 
00 00 00 00 00 00 00 00 00 00 00 00 00 00 00 00 
00 00 00 00 00 00 00 00 00 00 00 00 00 00 00 00 
00 00 00 00 00 00 00 00 00 00 00 00 00 00 00 00 
00 00 00 00 00 00 00 00 00 00 00 00 00 00 00 00 
00 00 00 00 00 00 00 00 00 00 00 00 00 00 00 00 
00 00 00 00 00 00 00 00 00 00 00 00 00 00 00 00 
00 00 00 00 00 00 00 00 00 00 00 00 00 00 00 00 
00 00 00 00 00 00 00 00 00 00 00 00 00 00 00 00 
00 00 00 00 00 00 00 00 00 00 00 00 00 00 00 00 
00 00 00 00 00 00 00 00 00 00 00 00 00 00 00 00 
00 00 00 00 00 00 00 00 00 00 00 00 00 00 00 00 
00 00 00 00 00 00 00 00 00 00 00 00 00 00 00 00 
00 00 00 00 00 00 00 00 00 00 00 00 00 00 00 00 
00 00 00 00 00 00 00 00 00 00 00 00 00 00 00 00 
00 00 00 00 00 00 00 00 00 00 00 00 00 00 00 00 
00 00 00 00 00 00 00 00 00 00 00 00 00 00 00 00 
00 00 00 00 00 00 00 00 00 00 00 00 00 00 00 00 
00 00 00 00 00 00 00 00 00 00 00 00 00 00 00 00 
00 00 00 00 00 00 00 00 00 00 00 00 00 00 00 00 
00 00 00 00 00 00 00 00 00 00 00 00 00 00 00 00 
00 00 00 00 00 00 00 00 00 00 00 00 00 00 00 00 
00 00 00 00 00 00 00 00 00 00 00 00 00 00 00 00 
00 00 00 00 00 00 00 00 00 00 00 00 00 00 00 00 
00 00 00 00 00 00 00 00 00 00 00 00 00 00 00 00 
00 00 00 00 00 00 00 00 00 00 00 00 00 00 00 00 
00 00 00 00 00 00 00 00 00 00 00 00 00 00 00 00 
00 00 00 00 00 00 00 00 00 00 00 00 00 00 00 00 
00 00 00 00 00 00 00 00 00 00 00 00 00 00 00 00 
00 00 00 00 00 00 00 00 00 00 00 00 00 00 00 00 
00 00 00 00 00 00 00 00 00 00 00 00 00 00 00 00 
00 00 00 00 00 00 00 00 00 00 00 00 00 00 00 00 
00 00 00 00 00 00 00 00 00 00 00 00 00 00 00 00 
00 00 00 00 00 00 00 00 00 00 00 00 00 00 00 00 
00 00 00 00 00 00 00 00 00 00 00 00 00 00 00 00 
00 00 00 00 00 00 00 00 00 00 00 00 00 00 00 00 
00 00 00 00 00 00 00 00 00 00 00 00 00 00 00 00 
00 00 00 00 00 00 00 00 00 00 00 00 00 00 00 00 
00 00 00 00 00 00 00 00 00 00 00 00 00 00 00 00 
00 00 00 00 00 00 00 00 00 00 00 00 00 00 00 00 
00 00 00 00 00 00 00 00 00 00 00 00 00 00 00 00 
00 00 00 00 00 00 00 00 00 00 00 00 00 00 00 00 
00 00 00 00 00 00 00 00 00 00 00 00 00 00 00 00 
00 00 00 00 00 00 00 00 00 00 00 00 00 00 00 00 
00 00 00 00 00 00 00 00 00 00 00 00 00 00 00 00 
00 00 00 00 00 00 00 00 00 00 00 00 00 00 00 00 
00 00 00 00 00 00 00 00 00 00 00 00 00 00 00 00 
00 00 00 00 00 00 00 00 00 00 00 00 00 00 00 00 
00 00 00 00 00 00 00 00 00 00 00 00 00 00 00 00 
00 00 00 00 00 00 00 00 00 00 00 00 00 00 00 00 
00 00 00 00 00 00 00 00 00 00 00 00 00 00 00 00 
00 00 00 00 00 00 00 00 00 00 00 00 00 00 00 00 
00 00 00 00 00 00 00 00 00 00 00 00 00 00 00 00 
00 00 00 00 00 00 00 00 00 00 00 00 00 00 00 00 
00 00 00 00 00 00 00 00 00 00 00 00 00 00 00 00 
00 00 00 00 00 00 00 00 00 00 00 00 00 00 00 00 
00 00 00 00 00 00 00 00 00 00 00 00 00 00 00 00 
00 00 00 00 00 00 00 00 00 00 00 00 00 00 00 00 
00 00 00 00 00 00 00 00 00 00 00 00 00 00 00 00 
00 00 00 00 00 00 00 00 00 00 00 00 00 00 00 00 
00 00 00 00 00 00 00 00 00 00 00 00 00 00 00 00 
00 00 00 00 00 00 00 00 00 00 00 00 00 00 00 00 
00 00 00 00 00 00 00 00 00 00 00 00 00 00 00 00 
00 00 00 00 00 00 00 00 00 00 00 00 00 00 00 00 
00 00 00 00 00 00 00 00 00 00 00 00 00 00 00 00 
00 00 00 00 00 00 00 00 00 00 00 00 00 00 00 00 
00 00 00 00 00 00 00 00 00 00 00 00 00 00 00 00 
00 00 00 00 00 00 00 00 00 00 00 00 00 00 00 00 
00 00 00 00 00 00 00 00 00 00 00 00 00 00 00 00 
00 00 00 00 00 00 00 00 00 00 00 00 00 00 00 00 
00 00 00 00 00 00 00 00 00 00 00 00 00 00 00 00 
00 00 00 00 00 00 00 00 00 00 00 00 00 00 00 00 
00 00 00 00 00 00 00 00 00 00 00 00 00 00 00 00 
00 00 00 00 00 00 00 00 00 00 00 00 00 00 00 00 
00 00 00 00 00 00 00 00 00 00 00 00 00 00 00 00 
00 00 00 00 00 00 00 00 00 00 00 00 00 00 00 00 
00 00 00 00 00 00 00 00 00 00 00 00 00 00 00 00 
00 00 00 00 00 00 00 00 00 00 00 00 00 00 00 00 
00 00 00 00 00 00 00 00 00 00 00 00 00 00 00 00 
00 00 00 00 00 00 00 00 00 00 00 00 00 00 00 00 
00 00 00 00 00 00 00 00 00 00 00 00 00 00 00 00 
00 00 00 00 00 00 00 00 00 00 00 00 00 00 00 00 
00 00 00 00 00 00 00 00 00 00 00 00 00 00 00 00 
00 00 00 00 00 00 00 00 00 00 00 00 00 00 00 00 
00 00 00 00 00 00 00 00 00 00 00 00 00 00 00 00 
00 00 00 00 00 00 00 00 00 00 00 00 00 00 00 00 
00 00 00 00 00 00 00 00 00 00 00 00 00 00 00 00 
00 00 00 00 00 00 00 00 00 00 00 00 00 00 00 00 
00 00 00 00 00 00 00 00 00 00 00 00 00 00 00 00 
00 00 00 00 00 00 00 00 00 00 00 00 00 00 00 00 
00 00 00 00 00 00 00 00 00 00 00 00 00 00 00 00 
00 00 00 00 00 00 00 00 00 00 00 00 00 00 00 00 
00 00 00 00 00 00 00 00 00 00 00 00 00 00 00 00 
00 00 00 00 00 00 00 00 00 00 00 00 00 00 00 00 
00 00 00 00 00 00 00 00 00 00 00 00 00 00 00 00 
00 00 00 00 00 00 00 00 00 00 00 00 00 00 00 00 
00 00 00 00 00 00 00 00 00 00 00 00 00 00 00 00 
00 00 00 00 00 00 00 00 00 00 00 00 00 00 00 00 
00 00 00 00 00 00 00 00 00 00 00 00 00 00 00 00 
00 00 00 00 00 00 00 00 00 00 00 00 00 00 00 00 
00 00 00 00 00 00 00 00 00 00 00 00 00 00 00 00 
00 00 00 00 00 00 00 00 00 00 00 00 00 00 00 00 
00 00 00 00 00 00 00 00 00 00 00 00 00 00 00 00 
00 00 00 00 00 00 00 00 00 00 00 00 00 00 00 00 
00 00 00 00 00 00 00 00 00 00 00 00 00 00 00 00 
00 00 00 00 00 00 00 00 00 00 00 00 00 00 00 00 
00 00 00 00 00 00 00 00 00 00 00 00 00 00 00 00 
00 00 00 00 00 00 00 00 00 00 00 00 00 00 00 00 
00 00 00 00 00 00 00 00 00 00 00 00 00 00 00 00 
00 00 00 00 00 00 00 00 00 00 00 00 00 00 00 00 
00 00 00 00 00 00 00 00 00 00 00 00 00 00 00 00 
00 00 00 00 00 00 00 00 00 00 00 00 00 00 00 00 
00 00 00 00 00 00 00 00 00 00 00 00 00 00 00 00 
00 00 00 00 00 00 00 00 00 00 00 00 00 00 00 00 
00 00 00 00 00 00 00 00 00 00 00 00 00 00 00 00 
00 00 00 00 00 00 00 00 00 00 00 00 00 00 00 00 
00 00 00 00 00 00 00 00 00 00 00 00 00 00 00 00 
00 00 00 00 00 00 00 00 00 00 00 00 00 00 00 00 
00 00 00 00 00 00 00 00 00 00 00 00 00 00 00 00 
00 00 00 00 00 00 00 00 00 00 00 00 00 00 00 00 
00 00 00 00 00 00 00 00 00 00 00 00 00 00 00 00 
00 00 00 00 00 00 00 00 00 00 00 00 00 00 00 00 
00 00 00 00 00 00 00 00 00 00 00 00 00 00 00 00 
00 00 00 00 00 00 00 00 00 00 00 00 00 00 00 00 
00 00 00 00 00 00 00 00 00 00 00 00 00 00 00 00 
00 00 00 00 00 00 00 00 00 00 00 00 00 00 00 00 
00 00 00 00 00 00 00 00 00 00 00 00 00 00 00 00 
00 00 00 00 00 00 00 00 00 00 00 00 00 00 00 00 
00 00 00 00 00 00 00 00 00 00 00 00 00 00 00 00 
00 00 00 00 00 00 00 00 00 00 00 00 00 00 00 00 
00 00 00 00 00 00 00 00 00 00 00 00 00 00 00 00 
00 00 00 00 00 00 00 00 00 00 00 00 00 00 00 00 
00 00 00 00 00 00 00 00 00 00 00 00 00 00 00 00 
00 00 00 00 00 00 00 00 00 00 00 00 00 00 00 00 
00 00 00 00 00 00 00 00 00 00 00 00 00 00 00 00 
00 00 00 00 00 00 00 00 00 00 00 00 00 00 00 00 
00 00 00 00 00 00 00 00 00 00 00 00 00 00 00 00 
00 00 00 00 00 00 00 00 00 00 00 00 00 00 00 00 
00 00 00 00 00 00 00 00 00 00 00 00 00 00 00 00 
00 00 00 00 00 00 00 00 00 00 00 00 00 00 00 00 
00 00 00 00 00 00 00 00 00 00 00 00 00 00 00 00 
00 00 00 00 00 00 00 00 00 00 00 00 00 00 00 00 
00 00 00 00 00 00 00 00 00 00 00 00 00 00 00 00 
00 00 00 00 00 00 00 00 00 00 00 00 00 00 00 00 
00 00 00 00 00 00 00 00 00 00 00 00 00 00 00 00 
00 00 00 00 00 00 00 00 00 00 00 00 00 00 00 00 
00 00 00 00 00 00 00 00 00 00 00 00 00 00 00 00 
00 00 00 00 00 00 00 00 00 00 00 00 00 00 00 00 
00 00 00 00 00 00 00 00 00 00 00 00 00 00 00 00 
00 00 00 00 00 00 00 00 00 00 00 00 00 00 00 00 
00 00 00 00 00 00 00 00 00 00 00 00 00 00 00 00 
00 00 00 00 00 00 00 00 00 00 00 00 00 00 00 00 
00 00 00 00 00 00 00 00 00 00 00 00 00 00 00 00 
00 00 00 00 00 00 00 00 00 00 00 00 00 00 00 00 
00 00 00 00 00 00 00 00 00 00 00 00 00 00 00 00 
00 00 00 00 00 00 00 00 00 00 00 00 00 00 00 00 
00 00 00 00 00 00 00 00 00 00 00 00 00 00 00 00 
00 00 00 00 00 00 00 00 00 00 00 00 00 00 00 00 
00 00 00 00 00 00 00 00 00 00 00 00 00 00 00 00 
00 00 00 00 00 00 00 00 00 00 00 00 00 00 00 00 
00 00 00 00 00 00 00 00 00 00 00 00 00 00 00 00 
00 00 00 00 00 00 00 00 00 00 00 00 00 00 00 00 
00 00 00 00 00 00 00 00 00 00 00 00 00 00 00 00 
00 00 00 00 00 00 00 00 00 00 00 00 00 00 00 00 
00 00 00 00 00 00 00 00 00 00 00 00 00 00 00 00 
00 00 00 00 00 00 00 00 00 00 00 00 00 00 00 00 
00 00 00 00 00 00 00 00 00 00 00 00 00 00 00 00 
00 00 00 00 00 00 00 00 00 00 00 00 00 00 00 00 
00 00 00 00 00 00 00 00 00 00 00 00 00 00 00 00 
00 00 00 00 00 00 00 00 00 00 00 00 00 00 00 00 
00 00 00 00 00 00 00 00 00 00 00 00 00 00 00 00 
00 00 00 00 00 00 00 00 00 00 00 00 00 00 00 00 
00 00 00 00 00 00 00 00 00 00 00 00 00 00 00 00 
00 00 00 00 00 00 00 00 00 00 00 00 00 00 00 00 
00 00 00 00 00 00 00 00 00 00 00 00 00 00 00 00 
00 00 00 00 00 00 00 00 00 00 00 00 00 00 00 00 
00 00 00 00 00 00 00 00 00 00 00 00 00 00 00 00 
00 00 00 00 00 00 00 00 00 00 00 00 00 00 00 00 
00 00 00 00 00 00 00 00 00 00 00 00 00 00 00 00 
00 00 00 00 00 00 00 00 00 00 00 00 00 00 00 00 
00 00 00 00 00 00 00 00 00 00 00 00 00 00 00 00 
00 00 00 00 00 00 00 00 00 00 00 00 00 00 00 00 
00 00 00 00 00 00 00 00 00 00 00 00 00 00 00 00 
00 00 00 00 00 00 00 00 00 00 00 00 00 00 00 00 
00 00 00 00 00 00 00 00 00 00 00 00 00 00 00 00 
00 00 00 00 00 00 00 00 00 00 00 00 00 00 00 00 
00 00 00 00 00 00 00 00 00 00 00 00 00 00 00 00 
00 00 00 00 00 00 00 00 00 00 00 00 00 00 00 00 
00 00 00 00 00 00 00 00 00 00 00 00 00 00 00 00 
00 00 00 00 00 00 00 00 00 00 00 00 00 00 00 00 
00 00 00 00 00 00 00 00 00 00 00 00 00 00 00 00 
00 00 00 00 00 00 00 00 00 00 00 00 00 00 00 00 
00 00 00 00 00 00 00 00 00 00 00 00 00 00 00 00 
00 00 00 00 00 00 00 00 00 00 00 00 00 00 00 00 
00 00 00 00 00 00 00 00 00 00 00 00 00 00 00 00 
00 00 00 00 00 00 00 00 00 00 00 00 00 00 00 00 
00 00 00 00 00 00 00 00 00 00 00 00 00 00 00 00 
00 00 00 00 00 00 00 00 00 00 00 00 00 00 00 00 
00 00 00 00 00 00 00 00 00 00 00 00 00 00 00 00 
00 00 00 00 00 00 00 00 00 00 00 00 00 00 00 00 
00 00 00 00 00 00 00 00 00 00 00 00 00 00 00 00 
00 00 00 00 00 00 00 00 00 00 00 00 00 00 00 00 
00 00 00 00 00 00 00 00 00 00 00 00 00 00 00 00 
00 00 00 00 00 00 00 00 00 00 00 00 00 00 00 00 
00 00 00 00 00 00 00 00 00 00 00 00 00 00 00 00 
00 00 00 00 00 00 00 00 00 00 00 00 00 00 00 00 
00 00 00 00 00 00 00 00 00 00 00 00 00 00 00 00 
00 00 00 00 00 00 00 00 00 00 00 00 00 00 00 00 
00 00 00 00 00 00 00 00 00 00 00 00 00 00 00 00 
00 00 00 00 00 00 00 00 00 00 00 00 00 00 00 00 
00 00 00 00 00 00 00 00 00 00 00 00 00 00 00 00 
00 00 00 00 00 00 00 00 00 00 00 00 00 00 00 00 
00 00 00 00 00 00 00 00 00 00 00 00 00 00 00 00 
00 00 00 00 00 00 00 00 00 00 00 00 00 00 00 00 
00 00 00 00 00 00 00 00 00 00 00 00 00 00 00 00 
00 00 00 00 00 00 00 00 00 00 00 00 00 00 00 00 
00 00 00 00 00 00 00 00 00 00 00 00 00 00 00 00 
00 00 00 00 00 00 00 00 00 00 00 00 00 00 00 00 
00 00 00 00 00 00 00 00 00 00 00 00 00 00 00 00 
00 00 00 00 00 00 00 00 00 00 00 00 00 00 00 00 
00 00 00 00 00 00 00 00 00 00 00 00 00 00 00 00 
00 00 00 00 00 00 00 00 00 00 00 00 00 00 00 00 
00 00 00 00 00 00 00 00 00 00 00 00 00 00 00 00 
00 00 00 00 00 00 00 00 00 00 00 00 00 00 00 00 
00 00 00 00 00 00 00 00 00 00 00 00 00 00 00 00 
00 00 00 00 00 00 00 00 00 00 00 00 00 00 00 00 
00 00 00 00 00 00 00 00 00 00 00 00 00 00 00 00 
00 00 00 00 00 00 00 00 00 00 00 00 00 00 00 00 
00 00 00 00 00 00 00 00 00 00 00 00 00 00 00 00 
00 00 00 00 00 00 00 00 00 00 00 00 00 00 00 00 
00 00 00 00 00 00 00 00 00 00 00 00 00 00 00 00 
00 00 00 00 00 00 00 00 00 00 00 00 00 00 00 00 
00 00 00 00 00 00 00 00 00 00 00 00 00 00 00 00 
00 00 00 00 00 00 00 00 00 00 00 00 00 00 00 00 
00 00 00 00 00 00 00 00 00 00 00 00 00 00 00 00 
00 00 00 00 00 00 00 00 00 00 00 00 00 00 00 00 
00 00 00 00 00 00 00 00 00 00 00 00 00 00 00 00 
00 00 00 00 00 00 00 00 00 00 00 00 00 00 00 00 
00 00 00 00 00 00 00 00 00 00 00 00 00 00 00 00 
00 00 00 00 00 00 00 00 00 00 00 00 00 00 00 00 
00 00 00 00 00 00 00 00 00 00 00 00 00 00 00 00 
00 00 00 00 00 00 00 00 00 00 00 00 00 00 00 00 
00 00 00 00 00 00 00 00 00 00 00 00 00 00 00 00 
00 00 00 00 00 00 00 00 00 00 00 00 00 00 00 00 
00 00 00 00 00 00 00 00 00 00 00 00 00 00 00 00 
00 00 00 00 00 00 00 00 00 00 00 00 00 00 00 00 
00 00 00 00 00 00 00 00 00 00 00 00 00 00 00 00 
00 00 00 00 00 00 00 00 00 00 00 00 00 00 00 00 
00 00 00 00 00 00 00 00 00 00 00 00 00 00 00 00 
00 00 00 00 00 00 00 00 00 00 00 00 00 00 00 00 
00 00 00 00 00 00 00 00 00 00 00 00 00 00 00 00 
00 00 00 00 00 00 00 00 00 00 00 00 00 00 00 00 
00 00 00 00 00 00 00 00 00 00 00 00 00 00 00 00 
00 00 00 00 00 00 00 00 00 00 00 00 00 00 00 00 
00 00 00 00 00 00 00 00 00 00 00 00 00 00 00 00 
00 00 00 00 00 00 00 00 00 00 00 00 00 00 00 00 
00 00 00 00 00 00 00 00 00 00 00 00 00 00 00 00 
00 00 00 00 00 00 00 00 00 00 00 00 00 00 00 00 
00 00 00 00 00 00 00 00 00 00 00 00 00 00 00 00 
00 00 00 00 00 00 00 00 00 00 00 00 00 00 00 00 
00 00 00 00 00 00 00 00 00 00 00 00 00 00 00 00 
00 00 00 00 00 00 00 00 00 00 00 00 00 00 00 00 
00 00 00 00 00 00 00 00 00 00 00 00 00 00 00 00 
00 00 00 00 00 00 00 00 00 00 00 00 00 00 00 00 
00 00 00 00 00 00 00 00 00 00 00 00 00 00 00 00 
00 00 00 00 00 00 00 00 00 00 00 00 00 00 00 00 
00 00 00 00 00 00 00 00 00 00 00 00 00 00 00 00 
00 00 00 00 00 00 00 00 00 00 00 00 00 00 00 00 
00 00 00 00 00 00 00 00 00 00 00 00 00 00 00 00 
00 00 00 00 00 00 00 00 00 00 00 00 00 00 00 00 
00 00 00 00 00 00 00 00 00 00 00 00 00 00 00 00 
00 00 00 00 00 00 00 00 00 00 00 00 00 00 00 00 
00 00 00 00 00 00 00 00 00 00 00 00 00 00 00 00 
00 00 00 00 00 00 00 00 00 00 00 00 00 00 00 00 
00 00 00 00 00 00 00 00 00 00 00 00 00 00 00 00 
00 00 00 00 00 00 00 00 00 00 00 00 00 00 00 00 
00 00 00 00 00 00 00 00 00 00 00 00 00 00 00 00 
00 00 00 00 00 00 00 00 00 00 00 00 00 00 00 00 
00 00 00 00 00 00 00 00 00 00 00 00 00 00 00 00 
00 00 00 00 00 00 00 00 00 00 00 00 00 00 00 00 
00 00 00 00 00 00 00 00 00 00 00 00 00 00 00 00 
00 00 00 00 00 00 00 00 00 00 00 00 00 00 00 00 
00 00 00 00 00 00 00 00 00 00 00 00 00 00 00 00 
00 00 00 00 00 00 00 00 00 00 00 00 00 00 00 00 
00 00 00 00 00 00 00 00 00 00 00 00 00 00 00 00 
00 00 00 00 00 00 00 00 00 00 00 00 00 00 00 00 
00 00 00 00 00 00 00 00 00 00 00 00 00 00 00 00 
00 00 00 00 00 00 00 00 00 00 00 00 00 00 00 00 
00 00 00 00 00 00 00 00 00 00 00 00 00 00 00 00 
00 00 00 00 00 00 00 00 00 00 00 00 00 00 00 00 
00 00 00 00 00 00 00 00 00 00 00 00 00 00 00 00 
00 00 00 00 00 00 00 00 00 00 00 00 00 00 00 00 
00 00 00 00 00 00 00 00 00 00 00 00 00 00 00 00 
00 00 00 00 00 00 00 00 00 00 00 00 00 00 00 00 
00 00 00 00 00 00 00 00 00 00 00 00 00 00 00 00 
00 00 00 00 00 00 00 00 00 00 00 00 00 00 00 00 
00 00 00 00 00 00 00 00 00 00 00 00 00 00 00 00 
00 00 00 00 00 00 00 00 00 00 00 00 00 00 00 00 
00 00 00 00 00 00 00 00 00 00 00 00 00 00 00 00 
00 00 00 00 00 00 00 00 00 00 00 00 00 00 00 00 
00 00 00 00 00 00 00 00 00 00 00 00 00 00 00 00 
00 00 00 00 00 00 00 00 00 00 00 00 00 00 00 00 
00 00 00 00 00 00 00 00 00 00 00 00 00 00 00 00 
00 00 00 00 00 00 00 00 00 00 00 00 00 00 00 00 
00 00 00 00 00 00 00 00 00 00 00 00 00 00 00 00 
00 00 00 00 00 00 00 00 00 00 00 00 00 00 00 00 
00 00 00 00 00 00 00 00 00 00 00 00 00 00 00 00 
00 00 00 00 00 00 00 00 00 00 00 00 00 00 00 00 
00 00 00 00 00 00 00 00 00 00 00 00 00 00 00 00 
00 00 00 00 00 00 00 00 00 00 00 00 00 00 00 00 
00 00 00 00 00 00 00 00 00 00 00 00 00 00 00 00 
00 00 00 00 00 00 00 00 00 00 00 00 00 00 00 00 
00 00 00 00 00 00 00 00 00 00 00 00 00 00 00 00 
00 00 00 00 00 00 00 00 00 00 00 00 00 00 00 00 
00 00 00 00 00 00 00 00 00 00 00 00 00 00 00 00 
00 00 00 00 00 00 00 00 00 00 00 00 00 00 00 00 
00 00 00 00 00 00 00 00 00 00 00 00 00 00 00 00 
00 00 00 00 00 00 00 00 00 00 00 00 00 00 00 00 
00 00 00 00 00 00 00 00 00 00 00 00 00 00 00 00 
00 00 00 00 00 00 00 00 00 00 00 00 00 00 00 00 
00 00 00 00 00 00 00 00 00 00 00 00 00 00 00 00 
00 00 00 00 00 00 00 00 00 00 00 00 00 00 00 00 
00 00 00 00 00 00 00 00 00 00 00 00 00 00 00 00 
00 00 00 00 00 00 00 00 00 00 00 00 00 00 00 00 
00 00 00 00 00 00 00 00 00 00 00 00 00 00 00 00 
00 00 00 00 00 00 00 00 00 00 00 00 00 00 00 00 
00 00 00 00 00 00 00 00 00 00 00 00 00 00 00 00 
00 00 00 00 00 00 00 00 00 00 00 00 00 00 00 00 
00 00 00 00 00 00 00 00 00 00 00 00 00 00 00 00 
00 00 00 00 00 00 00 00 00 00 00 00 00 00 00 00 
00 00 00 00 00 00 00 00 00 00 00 00 00 00 00 00 
00 00 00 00 00 00 00 00 00 00 00 00 00 00 00 00 
00 00 00 00 00 00 00 00 00 00 00 00 00 00 00 00 
00 00 00 00 00 00 00 00 00 00 00 00 00 00 00 00 
00 00 00 00 00 00 00 00 00 00 00 00 00 00 00 00 
00 00 00 00 00 00 00 00 00 00 00 00 00 00 00 00 
00 00 00 00 00 00 00 00 00 00 00 00 00 00 00 00 
00 00 00 00 00 00 00 00 00 00 00 00 00 00 00 00 
00 00 00 00 00 00 00 00 00 00 00 00 00 00 00 00 
00 00 00 00 00 00 00 00 00 00 00 00 00 00 00 00 
00 00 00 00 00 00 00 00 00 00 00 00 00 00 00 00 
00 00 00 00 00 00 00 00 00 00 00 00 00 00 00 00 
00 00 00 00 00 00 00 00 00 00 00 00 00 00 00 00 
00 00 00 00 00 00 00 00 00 00 00 00 00 00 00 00 
00 00 00 00 00 00 00 00 00 00 00 00 00 00 00 00 
00 00 00 00 00 00 00 00 00 00 00 00 00 00 00 00 
00 00 00 00 00 00 00 00 00 00 00 00 00 00 00 00 
00 00 00 00 00 00 00 00 00 00 00 00 00 00 00 00 
00 00 00 00 00 00 00 00 00 00 00 00 00 00 00 00 
00 00 00 00 00 00 00 00 00 00 00 00 00 00 00 00 
00 00 00 00 00 00 00 00 00 00 00 00 00 00 00 00 
00 00 00 00 00 00 00 00 00 00 00 00 00 00 00 00 
00 00 00 00 00 00 00 00 00 00 00 00 00 00 00 00 
00 00 00 00 00 00 00 00 00 00 00 00 00 00 00 00 
00 00 00 00 00 00 00 00 00 00 00 00 00 00 00 00 
00 00 00 00 00 00 00 00 00 00 00 00 00 00 00 00 
00 00 00 00 00 00 00 00 00 00 00 00 00 00 00 00 
00 00 00 00 00 00 00 00 00 00 00 00 00 00 00 00 
00 00 00 00 00 00 00 00 00 00 00 00 00 00 00 00 
00 00 00 00 00 00 00 00 00 00 00 00 00 00 00 00 
00 00 00 00 00 00 00 00 00 00 00 00 00 00 00 00 
00 00 00 00 00 00 00 00 00 00 00 00 00 00 00 00 
00 00 00 00 00 00 00 00 00 00 00 00 00 00 00 00 
00 00 00 00 00 00 00 00 00 00 00 00 00 00 00 00 
00 00 00 00 00 00 00 00 00 00 00 00 00 00 00 00 
00 00 00 00 00 00 00 00 00 00 00 00 00 00 00 00 
00 00 00 00 00 00 00 00 00 00 00 00 00 00 00 00 
00 00 00 00 00 00 00 00 00 00 00 00 00 00 00 00 
00 00 00 00 00 00 00 00 00 00 00 00 00 00 00 00 
00 00 00 00 00 00 00 00 00 00 00 00 00 00 00 00 
00 00 00 00 00 00 00 00 00 00 00 00 00 00 00 00 
00 00 00 00 00 00 00 00 00 00 00 00 00 00 00 00 
00 00 00 00 00 00 00 00 00 00 00 00 00 00 00 00 
00 00 00 00 00 00 00 00 00 00 00 00 00 00 00 00 
00 00 00 00 00 00 00 00 00 00 00 00 00 00 00 00 
00 00 00 00 00 00 00 00 00 00 00 00 00 00 00 00 
00 00 00 00 00 00 00 00 00 00 00 00 00 00 00 00 
00 00 00 00 00 00 00 00 00 00 00 00 00 00 00 00 
00 00 00 00 00 00 00 00 00 00 00 00 00 00 00 00 
00 00 00 00 00 00 00 00 00 00 00 00 00 00 00 00 
00 00 00 00 00 00 00 00 00 00 00 00 00 00 00 00 
00 00 00 00 00 00 00 00 00 00 00 00 00 00 00 00 
00 00 00 00 00 00 00 00 00 00 00 00 00 00 00 00 
00 00 00 00 00 00 00 00 00 00 00 00 00 00 00 00 
00 00 00 00 00 00 00 00 00 00 00 00 00 00 00 00 
00 00 00 00 00 00 00 00 00 00 00 00 00 00 00 00 
00 00 00 00 00 00 00 00 00 00 00 00 00 00 00 00 
00 00 00 00 00 00 00 00 00 00 00 00 00 00 00 00 
00 00 00 00 00 00 00 00 00 00 00 00 00 00 00 00 
00 00 00 00 00 00 00 00 00 00 00 00 00 00 00 00 
00 00 00 00 00 00 00 00 00 00 00 00 00 00 00 00 
00 00 00 00 00 00 00 00 00 00 00 00 00 00 00 00 
00 00 00 00 00 00 00 00 00 00 00 00 00 00 00 00 
00 00 00 00 00 00 00 00 00 00 00 00 00 00 00 00 
00 00 00 00 00 00 00 00 00 00 00 00 00 00 00 00 
00 00 00 00 00 00 00 00 00 00 00 00 00 00 00 00 
00 00 00 00 00 00 00 00 00 00 00 00 00 00 00 00 
00 00 00 00 00 00 00 00 00 00 00 00 00 00 00 00 
00 00 00 00 00 00 00 00 00 00 00 00 00 00 00 00 
00 00 00 00 00 00 00 00 00 00 00 00 00 00 00 00 
00 00 00 00 00 00 00 00 00 00 00 00 00 00 00 00 
00 00 00 00 00 00 00 00 00 00 00 00 00 00 00 00 
00 00 00 00 00 00 00 00 00 00 00 00 00 00 00 00 
00 00 00 00 00 00 00 00 00 00 00 00 00 00 00 00 
00 00 00 00 00 00 00 00 00 00 00 00 00 00 00 00 
00 00 00 00 00 00 00 00 00 00 00 00 00 00 00 00 
00 00 00 00 00 00 00 00 00 00 00 00 00 00 00 00 
00 00 00 00 00 00 00 00 00 00 00 00 00 00 00 00 
00 00 00 00 00 00 00 00 00 00 00 00 00 00 00 00 
00 00 00 00 00 00 00 00 00 00 00 00 00 00 00 00 
00 00 00 00 00 00 00 00 00 00 00 00 00 00 00 00 
00 00 00 00 00 00 00 00 00 00 00 00 00 00 00 00 
00 00 00 00 00 00 00 00 00 00 00 00 00 00 00 00 
00 00 00 00 00 00 00 00 00 00 00 00 00 00 00 00 
00 00 00 00 00 00 00 00 00 00 00 00 00 00 00 00 
00 00 00 00 00 00 00 00 00 00 00 00 00 00 00 00 
00 00 00 00 00 00 00 00 00 00 00 00 00 00 00 00 
00 00 00 00 00 00 00 00 00 00 00 00 00 00 00 00 
00 00 00 00 00 00 00 00 00 00 00 00 00 00 00 00 
00 00 00 00 00 00 00 00 00 00 00 00 00 00 00 00 
00 00 00 00 00 00 00 00 00 00 00 00 00 00 00 00 
00 00 00 00 00 00 00 00 00 00 00 00 00 00 00 00 
00 00 00 00 00 00 00 00 00 00 00 00 00 00 00 00 
00 00 00 00 00 00 00 00 00 00 00 00 00 00 00 00 
00 00 00 00 00 00 00 00 00 00 00 00 00 00 00 00 
00 00 00 00 00 00 00 00 00 00 00 00 00 00 00 00 
00 00 00 00 00 00 00 00 00 00 00 00 00 00 00 00 
00 00 00 00 00 00 00 00 00 00 00 00 00 00 00 00 
00 00 00 00 00 00 00 00 00 00 00 00 00 00 00 00 
00 00 00 00 00 00 00 00 00 00 00 00 00 00 00 00 
00 00 00 00 00 00 00 00 00 00 00 00 00 00 00 00 
00 00 00 00 00 00 00 00 00 00 00 00 00 00 00 00 
00 00 00 00 00 00 00 00 00 00 00 00 00 00 00 00 
00 00 00 00 00 00 00 00 00 00 00 00 00 00 00 00 
00 00 00 00 00 00 00 00 00 00 00 00 00 00 00 00 
00 00 00 00 00 00 00 00 00 00 00 00 00 00 00 00 
00 00 00 00 00 00 00 00 00 00 00 00 00 00 00 00 
00 00 00 00 00 00 00 00 00 00 00 00 00 00 00 00 
00 00 00 00 00 00 00 00 00 00 00 00 00 00 00 00 
00 00 00 00 00 00 00 00 00 00 00 00 00 00 00 00 
00 00 00 00 00 00 00 00 00 00 00 00 00 00 00 00 
00 00 00 00 00 00 00 00 00 00 00 00 00 00 00 00 
00 00 00 00 00 00 00 00 00 00 00 00 00 00 00 00 
00 00 00 00 00 00 00 00 00 00 00 00 00 00 00 00 
00 00 00 00 00 00 00 00 00 00 00 00 00 00 00 00 
00 00 00 00 00 00 00 00 00 00 00 00 00 00 00 00 
00 00 00 00 00 00 00 00 00 00 00 00 00 00 00 00 
00 00 00 00 00 00 00 00 00 00 00 00 00 00 00 00 
00 00 00 00 00 00 00 00 00 00 00 00 00 00 00 00 
00 00 00 00 00 00 00 00 00 00 00 00 00 00 00 00 
00 00 00 00 00 00 00 00 00 00 00 00 00 00 00 00 
00 00 00 00 00 00 00 00 00 00 00 00 00 00 00 00 
00 00 00 00 00 00 00 00 00 00 00 00 00 00 00 00 
00 00 00 00 00 00 00 00 00 00 00 00 00 00 00 00 
00 00 00 00 00 00 00 00 00 00 00 00 00 00 00 00 
00 00 00 00 00 00 00 00 00 00 00 00 00 00 00 00 
00 00 00 00 00 00 00 00 00 00 00 00 00 00 00 00 
00 00 00 00 00 00 00 00 00 00 00 00 00 00 00 00 
00 00 00 00 00 00 00 00 00 00 00 00 00 00 00 00 
00 00 00 00 00 00 00 00 00 00 00 00 00 00 00 00 
00 00 00 00 00 00 00 00 00 00 00 00 00 00 00 00 
00 00 00 00 00 00 00 00 00 00 00 00 00 00 00 00 
00 00 00 00 00 00 00 00 00 00 00 00 00 00 00 00 
00 00 00 00 00 00 00 00 00 00 00 00 00 00 00 00 
00 00 00 00 00 00 00 00 00 00 00 00 00 00 00 00 
00 00 00 00 00 00 00 00 00 00 00 00 00 00 00 00 
00 00 00 00 00 00 00 00 00 00 00 00 00 00 00 00 
00 00 00 00 00 00 00 00 00 00 00 00 00 00 00 00 
00 00 00 00 00 00 00 00 00 00 00 00 00 00 00 00 
00 00 00 00 00 00 00 00 00 00 00 00 00 00 00 00 
00 00 00 00 00 00 00 00 00 00 00 00 00 00 00 00 
00 00 00 00 00 00 00 00 00 00 00 00 00 00 00 00 
00 00 00 00 00 00 00 00 00 00 00 00 00 00 00 00 
00 00 00 00 00 00 00 00 00 00 00 00 00 00 00 00 
00 00 00 00 00 00 00 00 00 00 00 00 00 00 00 00 
00 00 00 00 00 00 00 00 00 00 00 00 00 00 00 00 
00 00 00 00 00 00 00 00 00 00 00 00 00 00 00 00 
00 00 00 00 00 00 00 00 00 00 00 00 00 00 00 00 
00 00 00 00 00 00 00 00 00 00 00 00 00 00 00 00 
00 00 00 00 00 00 00 00 00 00 00 00 00 00 00 00 
00 00 00 00 00 00 00 00 00 00 00 00 00 00 00 00 
00 00 00 00 00 00 00 00 00 00 00 00 00 00 00 00 
00 00 00 00 00 00 00 00 00 00 00 00 00 00 00 00 
00 00 00 00 00 00 00 00 00 00 00 00 00 00 00 00 
00 00 00 00 00 00 00 00 00 00 00 00 00 00 00 00 
00 00 00 00 00 00 00 00 00 00 00 00 00 00 00 00 
00 00 00 00 00 00 00 00 00 00 00 00 00 00 00 00 
00 00 00 00 00 00 00 00 00 00 00 00 00 00 00 00 
00 00 00 00 00 00 00 00 00 00 00 00 00 00 00 00 
00 00 00 00 00 00 00 00 00 00 00 00 00 00 00 00 
00 00 00 00 00 00 00 00 00 00 00 00 00 00 00 00 
00 00 00 00 00 00 00 00 00 00 00 00 00 00 00 00 
00 00 00 00 00 00 00 00 00 00 00 00 00 00 00 00 
00 00 00 00 00 00 00 00 00 00 00 00 00 00 00 00 
00 00 00 00 00 00 00 00 00 00 00 00 00 00 00 00 
00 00 00 00 00 00 00 00 00 00 00 00 00 00 00 00 
00 00 00 00 00 00 00 00 00 00 00 00 00 00 00 00 
00 00 00 00 00 00 00 00 00 00 00 00 00 00 00 00 
00 00 00 00 00 00 00 00 00 00 00 00 00 00 00 00 
00 00 00 00 00 00 00 00 00 00 00 00 00 00 00 00 
00 00 00 00 00 00 00 00 00 00 00 00 00 00 00 00 
00 00 00 00 00 00 00 00 00 00 00 00 00 00 00 00 
00 00 00 00 00 00 00 00 00 00 00 00 00 00 00 00 
00 00 00 00 00 00 00 00 00 00 00 00 00 00 00 00 
00 00 00 00 00 00 00 00 00 00 00 00 00 00 00 00 
00 00 00 00 00 00 00 00 00 00 00 00 00 00 00 00 
00 00 00 00 00 00 00 00 00 00 00 00 00 00 00 00 
00 00 00 00 00 00 00 00 00 00 00 00 00 00 00 00 
00 00 00 00 00 00 00 00 00 00 00 00 00 00 00 00 
00 00 00 00 00 00 00 00 00 00 00 00 00 00 00 00 
00 00 00 00 00 00 00 00 00 00 00 00 00 00 00 00 
00 00 00 00 00 00 00 00 00 00 00 00 00 00 00 00 
00 00 00 00 00 00 00 00 00 00 00 00 00 00 00 00 
00 00 00 00 00 00 00 00 00 00 00 00 00 00 00 00 
00 00 00 00 00 00 00 00 00 00 00 00 00 00 00 00 
00 00 00 00 00 00 00 00 00 00 00 00 00 00 00 00 
00 00 00 00 00 00 00 00 00 00 00 00 00 00 00 00 
00 00 00 00 00 00 00 00 00 00 00 00 00 00 00 00 
00 00 00 00 00 00 00 00 00 00 00 00 00 00 00 00 
00 00 00 00 00 00 00 00 00 00 00 00 00 00 00 00 
00 00 00 00 00 00 00 00 00 00 00 00 00 00 00 00 
00 00 00 00 00 00 00 00 00 00 00 00 00 00 00 00 
00 00 00 00 00 00 00 00 00 00 00 00 00 00 00 00 
00 00 00 00 00 00 00 00 00 00 00 00 00 00 00 00 
00 00 00 00 00 00 00 00 00 00 00 00 00 00 00 00 
00 00 00 00 00 00 00 00 00 00 00 00 00 00 00 00 
00 00 00 00 00 00 00 00 00 00 00 00 00 00 00 00 
00 00 00 00 00 00 00 00 00 00 00 00 00 00 00 00 
00 00 00 00 00 00 00 00 00 00 00 00 00 00 00 00 
00 00 00 00 00 00 00 00 00 00 00 00 00 00 00 00 
00 00 00 00 00 00 00 00 00 00 00 00 00 00 00 00 
00 00 00 00 00 00 00 00 00 00 00 00 00 00 00 00 
00 00 00 00 00 00 00 00 00 00 00 00 00 00 00 00 
00 00 00 00 00 00 00 00 00 00 00 00 00 00 00 00 
00 00 00 00 00 00 00 00 00 00 00 00 00 00 00 00 
00 00 00 00 00 00 00 00 00 00 00 00 00 00 00 00 
00 00 00 00 00 00 00 00 00 00 00 00 00 00 00 00 
00 00 00 00 00 00 00 00 00 00 00 00 00 00 00 00 
00 00 00 00 00 00 00 00 00 00 00 00 00 00 00 00 
00 00 00 00 00 00 00 00 00 00 00 00 00 00 00 00 
00 00 00 00 00 00 00 00 00 00 00 00 00 00 00 00 
00 00 00 00 00 00 00 00 00 00 00 00 00 00 00 00 
00 00 00 00 00 00 00 00 00 00 00 00 00 00 00 00 
00 00 00 00 00 00 00 00 00 00 00 00 00 00 00 00 
00 00 00 00 00 00 00 00 00 00 00 00 00 00 00 00 
00 00 00 00 00 00 00 00 00 00 00 00 00 00 00 00 
00 00 00 00 00 00 00 00 00 00 00 00 00 00 00 00 
00 00 00 00 00 00 00 00 00 00 00 00 00 00 00 00 
00 00 00 00 00 00 00 00 00 00 00 00 00 00 00 00 
00 00 00 00 00 00 00 00 00 00 00 00 00 00 00 00 
00 00 00 00 00 00 00 00 00 00 00 00 00 00 00 00 
00 00 00 00 00 00 00 00 00 00 00 00 00 00 00 00 
00 00 00 00 00 00 00 00 00 00 00 00 00 00 00 00 
00 00 00 00 00 00 00 00 00 00 00 00 00 00 00 00 
00 00 00 00 00 00 00 00 00 00 00 00 00 00 00 00 
00 00 00 00 00 00 00 00 00 00 00 00 00 00 00 00 
00 00 00 00 00 00 00 00 00 00 00 00 00 00 00 00 
00 00 00 00 00 00 00 00 00 00 00 00 00 00 00 00 
00 00 00 00 00 00 00 00 00 00 00 00 00 00 00 00 
00 00 00 00 00 00 00 00 00 00 00 00 00 00 00 00 
00 00 00 00 00 00 00 00 00 00 00 00 00 00 00 00 
00 00 00 00 00 00 00 00 00 00 00 00 00 00 00 00 
00 00 00 00 00 00 00 00 00 00 00 00 00 00 00 00 
00 00 00 00 00 00 00 00 00 00 00 00 00 00 00 00 
00 00 00 00 00 00 00 00 00 00 00 00 00 00 00 00 
00 00 00 00 00 00 00 00 00 00 00 00 00 00 00 00 
00 00 00 00 00 00 00 00 00 00 00 00 00 00 00 00 
00 00 00 00 00 00 00 00 00 00 00 00 00 00 00 00 
00 00 00 00 00 00 00 00 00 00 00 00 00 00 00 00 
00 00 00 00 00 00 00 00 00 00 00 00 00 00 00 00 
00 00 00 00 00 00 00 00 00 00 00 00 00 00 00 00 
00 00 00 00 00 00 00 00 00 00 00 00 00 00 00 00 
00 00 00 00 00 00 00 00 00 00 00 00 00 00 00 00 
00 00 00 00 00 00 00 00 00 00 00 00 00 00 00 00 
00 00 00 00 00 00 00 00 00 00 00 00 00 00 00 00 
00 00 00 00 00 00 00 00 00 00 00 00 00 00 00 00 
00 00 00 00 00 00 00 00 00 00 00 00 00 00 00 00 
00 00 00 00 00 00 00 00 00 00 00 00 00 00 00 00 
00 00 00 00 00 00 00 00 00 00 00 00 00 00 00 00 
00 00 00 00 00 00 00 00 00 00 00 00 00 00 00 00 
00 00 00 00 00 00 00 00 00 00 00 00 00 00 00 00 
00 00 00 00 00 00 00 00 00 00 00 00 00 00 00 00 
00 00 00 00 00 00 00 00 00 00 00 00 00 00 00 00 
00 00 00 00 00 00 00 00 00 00 00 00 00 00 00 00 
00 00 00 00 00 00 00 00 00 00 00 00 00 00 00 00 
00 00 00 00 00 00 00 00 00 00 00 00 00 00 00 00 
00 00 00 00 00 00 00 00 00 00 00 00 00 00 00 00 
00 00 00 00 00 00 00 00 00 00 00 00 00 00 00 00 
00 00 00 00 00 00 00 00 00 00 00 00 00 00 00 00 
00 00 00 00 00 00 00 00 00 00 00 00 00 00 00 00 
00 00 00 00 00 00 00 00 00 00 00 00 00 00 00 00 
00 00 00 00 00 00 00 00 00 00 00 00 00 00 00 00 
00 00 00 00 00 00 00 00 00 00 00 00 00 00 00 00 
00 00 00 00 00 00 00 00 00 00 00 00 00 00 00 00 
00 00 00 00 00 00 00 00 00 00 00 00 00 00 00 00 
00 00 00 00 00 00 00 00 00 00 00 00 00 00 00 00 
00 00 00 00 00 00 00 00 00 00 00 00 00 00 00 00 
00 00 00 00 00 00 00 00 00 00 00 00 00 00 00 00 
00 00 00 00 00 00 00 00 00 00 00 00 00 00 00 00 
00 00 00 00 00 00 00 00 00 00 00 00 00 00 00 00 
00 00 00 00 00 00 00 00 00 00 00 00 00 00 00 00 
00 00 00 00 00 00 00 00 00 00 00 00 00 00 00 00 
00 00 00 00 00 00 00 00 00 00 00 00 00 00 00 00 
00 00 00 00 00 00 00 00 00 00 00 00 00 00 00 00 
00 00 00 00 00 00 00 00 00 00 00 00 00 00 00 00 
00 00 00 00 00 00 00 00 00 00 00 00 00 00 00 00 
00 00 00 00 00 00 00 00 00 00 00 00 00 00 00 00 
00 00 00 00 00 00 00 00 00 00 00 00 00 00 00 00 
00 00 00 00 00 00 00 00 00 00 00 00 00 00 00 00 
00 00 00 00 00 00 00 00 00 00 00 00 00 00 00 00 
00 00 00 00 00 00 00 00 00 00 00 00 00 00 00 00 
00 00 00 00 00 00 00 00 00 00 00 00 00 00 00 00 
00 00 00 00 00 00 00 00 00 00 00 00 00 00 00 00 
00 00 00 00 00 00 00 00 00 00 00 00 00 00 00 00 
00 00 00 00 00 00 00 00 00 00 00 00 00 00 00 00 
00 00 00 00 00 00 00 00 00 00 00 00 00 00 00 00 
00 00 00 00 00 00 00 00 00 00 00 00 00 00 00 00 
00 00 00 00 00 00 00 00 00 00 00 00 00 00 00 00 
00 00 00 00 00 00 00 00 00 00 00 00 00 00 00 00 
00 00 00 00 00 00 00 00 00 00 00 00 00 00 00 00 
00 00 00 00 00 00 00 00 00 00 00 00 00 00 00 00 
00 00 00 00 00 00 00 00 00 00 00 00 00 00 00 00 
00 00 00 00 00 00 00 00 00 00 00 00 00 00 00 00 
00 00 00 00 00 00 00 00 00 00 00 00 00 00 00 00 
00 00 00 00 00 00 00 00 00 00 00 00 00 00 00 00 
00 00 00 00 00 00 00 00 00 00 00 00 00 00 00 00 
00 00 00 00 00 00 00 00 00 00 00 00 00 00 00 00 
00 00 00 00 00 00 00 00 00 00 00 00 00 00 00 00 
00 00 00 00 00 00 00 00 00 00 00 00 00 00 00 00 
00 00 00 00 00 00 00 00 00 00 00 00 00 00 00 00 
00 00 00 00 00 00 00 00 00 00 00 00 00 00 00 00 
00 00 00 00 00 00 00 00 00 00 00 00 00 00 00 00 
00 00 00 00 00 00 00 00 00 00 00 00 00 00 00 00 
00 00 00 00 00 00 00 00 00 00 00 00 00 00 00 00 
00 00 00 00 00 00 00 00 00 00 00 00 00 00 00 00 
00 00 00 00 00 00 00 00 00 00 00 00 00 00 00 00 
00 00 00 00 00 00 00 00 00 00 00 00 00 00 00 00 
00 00 00 00 00 00 00 00 00 00 00 00 00 00 00 00 
00 00 00 00 00 00 00 00 00 00 00 00 00 00 00 00 
00 00 00 00 00 00 00 00 00 00 00 00 00 00 00 00 
00 00 00 00 00 00 00 00 00 00 00 00 00 00 00 00 
00 00 00 00 00 00 00 00 00 00 00 00 00 00 00 00 
00 00 00 00 00 00 00 00 00 00 00 00 00 00 00 00 
00 00 00 00 00 00 00 00 00 00 00 00 00 00 00 00 
00 00 00 00 00 00 00 00 00 00 00 00 00 00 00 00 
00 00 00 00 00 00 00 00 00 00 00 00 00 00 00 00 
00 00 00 00 00 00 00 00 00 00 00 00 00 00 00 00 
00 00 00 00 00 00 00 00 00 00 00 00 00 00 00 00 
00 00 00 00 00 00 00 00 00 00 00 00 00 00 00 00 
00 00 00 00 00 00 00 00 00 00 00 00 00 00 00 00 
00 00 00 00 00 00 00 00 00 00 00 00 00 00 00 00 
00 00 00 00 00 00 00 00 00 00 00 00 00 00 00 00 
00 00 00 00 00 00 00 00 00 00 00 00 00 00 00 00 
00 00 00 00 00 00 00 00 00 00 00 00 00 00 00 00 
00 00 00 00 00 00 00 00 00 00 00 00 00 00 00 00 
00 00 00 00 00 00 00 00 00 00 00 00 00 00 00 00 
00 00 00 00 00 00 00 00 00 00 00 00 00 00 00 00 
00 00 00 00 00 00 00 00 00 00 00 00 00 00 00 00 
00 00 00 00 00 00 00 00 00 00 00 00 00 00 00 00 
00 00 00 00 00 00 00 00 00 00 00 00 00 00 00 00 
00 00 00 00 00 00 00 00 00 00 00 00 00 00 00 00 
00 00 00 00 00 00 00 00 00 00 00 00 00 00 00 00 
00 00 00 00 00 00 00 00 00 00 00 00 00 00 00 00 
00 00 00 00 00 00 00 00 00 00 00 00 00 00 00 00 
00 00 00 00 00 00 00 00 00 00 00 00 00 00 00 00 
00 00 00 00 00 00 00 00 00 00 00 00 00 00 00 00 
00 00 00 00 00 00 00 00 00 00 00 00 00 00 00 00 
00 00 00 00 00 00 00 00 00 00 00 00 00 00 00 00 
00 00 00 00 00 00 00 00 00 00 00 00 00 00 00 00 
00 00 00 00 00 00 00 00 00 00 00 00 00 00 00 00 
00 00 00 00 00 00 00 00 00 00 00 00 00 00 00 00 
00 00 00 00 00 00 00 00 00 00 00 00 00 00 00 00 
00 00 00 00 00 00 00 00 00 00 00 00 00 00 00 00 
00 00 00 00 00 00 00 00 00 00 00 00 00 00 00 00 
00 00 00 00 00 00 00 00 00 00 00 00 00 00 00 00 
00 00 00 00 00 00 00 00 00 00 00 00 00 00 00 00 
00 00 00 00 00 00 00 00 00 00 00 00 00 00 00 00 
00 00 00 00 00 00 00 00 00 00 00 00 00 00 00 00 
00 00 00 00 00 00 00 00 00 00 00 00 00 00 00 00 
00 00 00 00 00 00 00 00 00 00 00 00 00 00 00 00 
00 00 00 00 00 00 00 00 00 00 00 00 00 00 00 00 
00 00 00 00 00 00 00 00 00 00 00 00 00 00 00 00 
00 00 00 00 00 00 00 00 00 00 00 00 00 00 00 00 
00 00 00 00 00 00 00 00 00 00 00 00 00 00 00 00 
00 00 00 00 00 00 00 00 00 00 00 00 00 00 00 00 
00 00 00 00 00 00 00 00 00 00 00 00 00 00 00 00 
00 00 00 00 00 00 00 00 00 00 00 00 00 00 00 00 
00 00 00 00 00 00 00 00 00 00 00 00 00 00 00 00 
00 00 00 00 00 00 00 00 00 00 00 00 00 00 00 00 
00 00 00 00 00 00 00 00 00 00 00 00 00 00 00 00 
00 00 00 00 00 00 00 00 00 00 00 00 00 00 00 00 
00 00 00 00 00 00 00 00 00 00 00 00 00 00 00 00 
00 00 00 00 00 00 00 00 00 00 00 00 00 00 00 00 
00 00 00 00 00 00 00 00 00 00 00 00 00 00 00 00 
00 00 00 00 00 00 00 00 00 00 00 00 00 00 00 00 
00 00 00 00 00 00 00 00 00 00 00 00 00 00 00 00 
00 00 00 00 00 00 00 00 00 00 00 00 00 00 00 00 
00 00 00 00 00 00 00 00 00 00 00 00 00 00 00 00 
00 00 00 00 00 00 00 00 00 00 00 00 00 00 00 00 
00 00 00 00 00 00 00 00 00 00 00 00 00 00 00 00 
00 00 00 00 00 00 00 00 00 00 00 00 00 00 00 00 
00 00 00 00 00 00 00 00 00 00 00 00 00 00 00 00 
00 00 00 00 00 00 00 00 00 00 00 00 00 00 00 00 
00 00 00 00 00 00 00 00 00 00 00 00 00 00 00 00 
00 00 00 00 00 00 00 00 00 00 00 00 00 00 00 00 
00 00 00 00 00 00 00 00 00 00 00 00 00 00 00 00 
00 00 00 00 00 00 00 00 00 00 00 00 00 00 00 00 
00 00 00 00 00 00 00 00 00 00 00 00 00 00 00 00 
00 00 00 00 00 00 00 00 00 00 00 00 00 00 00 00 
00 00 00 00 00 00 00 00 00 00 00 00 00 00 00 00 
00 00 00 00 00 00 00 00 00 00 00 00 00 00 00 00 
00 00 00 00 00 00 00 00 00 00 00 00 00 00 00 00 
00 00 00 00 00 00 00 00 00 00 00 00 00 00 00 00 
00 00 00 00 00 00 00 00 00 00 00 00 00 00 00 00 
00 00 00 00 00 00 00 00 00 00 00 00 00 00 00 00 
00 00 00 00 00 00 00 00 00 00 00 00 00 00 00 00 
00 00 00 00 00 00 00 00 00 00 00 00 00 00 00 00 
00 00 00 00 00 00 00 00 00 00 00 00 00 00 00 00 
00 00 00 00 00 00 00 00 00 00 00 00 00 00 00 00 
00 00 00 00 00 00 00 00 00 00 00 00 00 00 00 00 
00 00 00 00 00 00 00 00 00 00 00 00 00 00 00 00 
00 00 00 00 00 00 00 00 00 00 00 00 00 00 00 00 
00 00 00 00 00 00 00 00 00 00 00 00 00 00 00 00 
00 00 00 00 00 00 00 00 00 00 00 00 00 00 00 00 
00 00 00 00 00 00 00 00 00 00 00 00 00 00 00 00 
00 00 00 00 00 00 00 00 00 00 00 00 00 00 00 00 
00 00 00 00 00 00 00 00 00 00 00 00 00 00 00 00 
00 00 00 00 00 00 00 00 00 00 00 00 00 00 00 00 
00 00 00 00 00 00 00 00 00 00 00 00 00 00 00 00 
00 00 00 00 00 00 00 00 00 00 00 00 00 00 00 00 
00 00 00 00 00 00 00 00 00 00 00 00 00 00 00 00 
00 00 00 00 00 00 00 00 00 00 00 00 00 00 00 00 
00 00 00 00 00 00 00 00 00 00 00 00 00 00 00 00 
00 00 00 00 00 00 00 00 00 00 00 00 00 00 00 00 
00 00 00 00 00 00 00 00 00 00 00 00 00 00 00 00 
00 00 00 00 00 00 00 00 00 00 00 00 00 00 00 00 
00 00 00 00 00 00 00 00 00 00 00 00 00 00 00 00 
00 00 00 00 00 00 00 00 00 00 00 00 00 00 00 00 
00 00 00 00 00 00 00 00 00 00 00 00 00 00 00 00 
00 00 00 00 00 00 00 00 00 00 00 00 00 00 00 00 
00 00 00 00 00 00 00 00 00 00 00 00 00 00 00 00 
00 00 00 00 00 00 00 00 00 00 00 00 00 00 00 00 
00 00 00 00 00 00 00 00 00 00 00 00 00 00 00 00 
00 00 00 00 00 00 00 00 00 00 00 00 00 00 00 00 
00 00 00 00 00 00 00 00 00 00 00 00 00 00 00 00 
00 00 00 00 00 00 00 00 00 00 00 00 00 00 00 00 
00 00 00 00 00 00 00 00 00 00 00 00 00 00 00 00 
00 00 00 00 00 00 00 00 00 00 00 00 00 00 00 00 
00 00 00 00 00 00 00 00 00 00 00 00 00 00 00 00 
00 00 00 00 00 00 00 00 00 00 00 00 00 00 00 00 
00 00 00 00 00 00 00 00 00 00 00 00 00 00 00 00 
00 00 00 00 00 00 00 00 00 00 00 00 00 00 00 00 
00 00 00 00 00 00 00 00 00 00 00 00 00 00 00 00 
00 00 00 00 00 00 00 00 00 00 00 00 00 00 00 00 
00 00 00 00 00 00 00 00 00 00 00 00 00 00 00 00 
00 00 00 00 00 00 00 00 00 00 00 00 00 00 00 00 
00 00 00 00 00 00 00 00 00 00 00 00 00 00 00 00 
00 00 00 00 00 00 00 00 00 00 00 00 00 00 00 00 
00 00 00 00 00 00 00 00 00 00 00 00 00 00 00 00 
00 00 00 00 00 00 00 00 00 00 00 00 00 00 00 00 
00 00 00 00 00 00 00 00 00 00 00 00 00 00 00 00 
00 00 00 00 00 00 00 00 00 00 00 00 00 00 00 00 
00 00 00 00 00 00 00 00 00 00 00 00 00 00 00 00 
00 00 00 00 00 00 00 00 00 00 00 00 00 00 00 00 
00 00 00 00 00 00 00 00 00 00 00 00 00 00 00 00 
00 00 00 00 00 00 00 00 00 00 00 00 00 00 00 00 
00 00 00 00 00 00 00 00 00 00 00 00 00 00 00 00 
00 00 00 00 00 00 00 00 00 00 00 00 00 00 00 00 
00 00 00 00 00 00 00 00 00 00 00 00 00 00 00 00 
00 00 00 00 00 00 00 00 00 00 00 00 00 00 00 00 
00 00 00 00 00 00 00 00 00 00 00 00 00 00 00 00 
00 00 00 00 00 00 00 00 00 00 00 00 00 00 00 00 
00 00 00 00 00 00 00 00 00 00 00 00 00 00 00 00 
00 00 00 00 00 00 00 00 00 00 00 00 00 00 00 00 
00 00 00 00 00 00 00 00 00 00 00 00 00 00 00 00 
00 00 00 00 00 00 00 00 00 00 00 00 00 00 00 00 
00 00 00 00 00 00 00 00 00 00 00 00 00 00 00 00 
00 00 00 00 00 00 00 00 00 00 00 00 00 00 00 00 
00 00 00 00 00 00 00 00 00 00 00 00 00 00 00 00 
00 00 00 00 00 00 00 00 00 00 00 00 00 00 00 00 
00 00 00 00 00 00 00 00 00 00 00 00 00 00 00 00 
00 00 00 00 00 00 00 00 00 00 00 00 00 00 00 00 
00 00 00 00 00 00 00 00 00 00 00 00 00 00 00 00 
00 00 00 00 00 00 00 00 00 00 00 00 00 00 00 00 
00 00 00 00 00 00 00 00 00 00 00 00 00 00 00 00 
00 00 00 00 00 00 00 00 00 00 00 00 00 00 00 00 
00 00 00 00 00 00 00 00 00 00 00 00 00 00 00 00 
00 00 00 00 00 00 00 00 00 00 00 00 00 00 00 00 
00 00 00 00 00 00 00 00 00 00 00 00 00 00 00 00 
00 00 00 00 00 00 00 00 00 00 00 00 00 00 00 00 
00 00 00 00 00 00 00 00 00 00 00 00 00 00 00 00 
00 00 00 00 00 00 00 00 00 00 00 00 00 00 00 00 
00 00 00 00 00 00 00 00 00 00 00 00 00 00 00 00 
00 00 00 00 00 00 00 00 00 00 00 00 00 00 00 00 
00 00 00 00 00 00 00 00 00 00 00 00 00 00 00 00 
00 00 00 00 00 00 00 00 00 00 00 00 00 00 00 00 
00 00 00 00 00 00 00 00 00 00 00 00 00 00 00 00 
00 00 00 00 00 00 00 00 00 00 00 00 00 00 00 00 
00 00 00 00 00 00 00 00 00 00 00 00 00 00 00 00 
00 00 00 00 00 00 00 00 00 00 00 00 00 00 00 00 
00 00 00 00 00 00 00 00 00 00 00 00 00 00 00 00 
00 00 00 00 00 00 00 00 00 00 00 00 00 00 00 00 
00 00 00 00 00 00 00 00 00 00 00 00 00 00 00 00 
00 00 00 00 00 00 00 00 00 00 00 00 00 00 00 00 
00 00 00 00 00 00 00 00 00 00 00 00 00 00 00 00 
00 00 00 00 00 00 00 00 00 00 00 00 00 00 00 00 
00 00 00 00 00 00 00 00 00 00 00 00 00 00 00 00 
00 00 00 00 00 00 00 00 00 00 00 00 00 00 00 00 
00 00 00 00 00 00 00 00 00 00 00 00 00 00 00 00 
00 00 00 00 00 00 00 00 00 00 00 00 00 00 00 00 
00 00 00 00 00 00 00 00 00 00 00 00 00 00 00 00 
00 00 00 00 00 00 00 00 00 00 00 00 00 00 00 00 
00 00 00 00 00 00 00 00 00 00 00 00 00 00 00 00 
00 00 00 00 00 00 00 00 00 00 00 00 00 00 00 00 
00 00 00 00 00 00 00 00 00 00 00 00 00 00 00 00 
00 00 00 00 00 00 00 00 00 00 00 00 00 00 00 00 
00 00 00 00 00 00 00 00 00 00 00 00 00 00 00 00 
00 00 00 00 00 00 00 00 00 00 00 00 00 00 00 00 
00 00 00 00 00 00 00 00 00 00 00 00 00 00 00 00 
00 00 00 00 00 00 00 00 00 00 00 00 00 00 00 00 
00 00 00 00 08 0A 00 00 48 07 00 00 0F 00 12 2E 
00 00 19 01 F2 2D 00 00 0A 00 D0 C9 00 00 00 1B 
E5 37 00 00 00 00 00 00 16 07 12 05 9A 38 3A 19 
01 A6 F9 FF FF 09 00 8F FE FF FF 00 01 8F FE FF 
FF 38 3A 24 00 16 07 99 04 84 19 01 F2 2D 00 00 
0A 00 EC 37 00 00 00 1B 25 45 00 00 00 00 00 00 
16 18 20 00 19 01 F2 2D 00 00 0A 00 EE 37 00 00 
00 1B 12 46 00 00 00 00 00 00 16 16 07 8A 01 9A 
35 56 0F 00 00 58 0F 00 00 00 00 19 00 12 2E 00 
00 09 00 03 B8 00 00 00 01 03 B8 00 00 26 16 07 
45 01 7B 19 01 F2 2D 00 00 0A 00 02 38 00 00 00 
1B BE 6A 00 00 00 00 00 00 16 1F 00 16 1B 5F 06 
00 00 00 00 00 00 19 01 F2 2D 00 00 0A 00 02 38 
00 00 00 1B BE 6A 00 00 00 00 00 00 16 19 01 F2 
2D 00 00 0A 00 08 38 00 00 00 1B C1 6A 00 00 00 
00 00 00 16 1F 00 1F 00 28 16 06 7C 01 1B 5F 06 
00 00 00 00 00 00 19 01 F2 2D 00 00 0A 00 00 38 
00 00 00 1B C0 6A 00 00 00 00 00 00 16 01 F7 2D 
00 00 1F 00 1F 00 28 16 1B 6F 06 00 00 00 00 00 
00 28 16 06 C7 03 0F 00 13 2E 00 00 2E 0F B9 00 
00 00 12 2E 00 00 07 00 02 19 01 F2 2D 00 00 0A 
00 E7 38 00 00 00 1B 68 44 00 00 00 00 00 00 16 
0F 00 0F 2E 00 00 19 01 F2 2D 00 00 0A 00 C8 C9 
00 00 00 1B 66 3B 00 00 00 00 00 00 16 14 2D 00 
10 2E 00 00 27 06 47 02 0F 00 0F 2E 00 00 35 94 
0F 00 00 99 0F 00 00 00 00 19 00 13 2E 00 00 09 
00 D4 B8 00 00 00 01 D4 B8 00 00 14 2D 00 10 2E 
00 00 28 1B 5F 06 00 00 00 00 00 00 19 01 F2 2D 
00 00 0A 00 02 38 00 00 00 1B BE 6A 00 00 00 00 
00 00 16 19 01 F2 2D 00 00 0A 00 08 38 00 00 00 
1B C1 6A 00 00 00 00 00 00 16 12 20 EC 2F 00 00 
D2 00 E4 2E 00 00 00 1B FE 37 00 00 00 00 00 00 
38 3A 35 89 0F 00 00 8B 0F 00 00 00 00 35 8D 0F 
00 00 99 0F 00 00 00 00 19 00 13 2E 00 00 09 00 
D4 B8 00 00 00 01 D4 B8 00 00 2D 35 4E 0F 00 00 
58 0F 00 00 00 00 19 00 13 2E 00 00 09 00 03 B8 
00 00 00 01 03 B8 00 00 12 20 A7 71 00 00 3B 00 
8F 71 00 00 00 1B 45 3D 00 00 00 00 00 00 35 54 
0F 00 00 58 0F 00 00 00 00 19 00 13 2E 00 00 09 
00 03 B8 00 00 00 01 03 B8 00 00 16 16 12 20 EC 
2F 00 00 1D 00 DF 2E 00 00 00 1B 1A 3B 00 00 00 
00 00 00 00 0F 2E 00 00 2D 00 10 2E 00 00 16 19 
00 13 2E 00 00 0A 00 FD B8 00 00 00 1B 2C 4C 00 
00 00 00 00 00 16 16 1B 70 06 00 00 00 00 00 00 
A8 01 FB 2D 00 00 38 53 FA 19 01 F2 2D 00 00 0A 
00 D3 3A 00 00 00 1B 04 3C 00 00 00 00 00 00 16 
1A 25 19 01 F2 2D 00 00 09 00 63 3A 00 00 00 01 
63 3A 00 00 16 16 A8 01 FA 2D 00 00 38 53 1B 44 
3C 00 00 00 00 00 00 01 F2 2D 00 00 16 16 A8 01 
F9 2D 00 00 38 53 19 01 F2 2D 00 00 0A 00 61 C8 
00 00 00 1B 71 3A 00 00 00 00 00 00 16 16 A8 01 
F8 2D 00 00 38 53 1B 8D 38 00 00 00 00 00 00 01 
F2 2D 00 00 16 16 16 1B 6F 06 00 00 00 00 00 00 
28 16 06 0F 05 1B 29 06 00 00 00 00 00 00 12 20 
EC 2F 00 00 2C 00 D3 2E 00 00 00 1B 34 39 00 00 
00 00 00 00 19 01 F2 2D 00 00 0A 00 00 38 00 00 
00 1B C0 6A 00 00 00 00 00 00 16 2C 03 4A 16 28 
19 01 F2 2D 00 00 0A 00 F5 37 00 00 00 1B EB 44 
00 00 00 00 00 00 16 16 1B 6F 06 00 00 00 00 00 
00 27 16 06 05 0A 14 2D 00 11 2E 00 00 19 01 F2 
2D 00 00 0A 00 A8 37 00 00 00 1B 96 45 00 00 00 
00 00 00 16 1B 6F 06 00 00 00 00 00 00 81 2D 00 
11 2E 00 00 16 16 07 17 08 84 19 01 F2 2D 00 00 
0A 00 EC 37 00 00 00 1B 25 45 00 00 00 00 00 00 
16 18 20 00 19 01 F2 2D 00 00 0A 00 EE 37 00 00 
00 1B 12 46 00 00 00 00 00 00 16 16 0F 00 13 2E 
00 00 2E 0F B9 00 00 00 12 2E 00 00 07 0E 06 19 
01 F2 2D 00 00 0A 00 E7 38 00 00 00 1B 68 44 00 
00 00 00 00 00 16 0F 00 0F 2E 00 00 19 01 F2 2D 
00 00 0A 00 C8 C9 00 00 00 1B 66 3B 00 00 00 00 
00 00 16 14 2D 00 10 2E 00 00 27 06 55 06 0F 00 
0F 2E 00 00 35 94 0F 00 00 99 0F 00 00 00 00 19 
00 13 2E 00 00 09 00 D4 B8 00 00 00 01 D4 B8 00 
00 14 2D 00 10 2E 00 00 28 1B 5F 06 00 00 00 00 
00 00 12 20 EC 2F 00 00 3C 00 D3 2E 00 00 00 1B 
34 39 00 00 00 00 00 00 19 01 F2 2D 00 00 0A 00 
02 38 00 00 00 1B BE 6A 00 00 00 00 00 00 16 45 
2D 00 11 2E 00 00 01 00 25 02 00 2C 03 4A 16 12 
20 EC 2F 00 00 3C 00 D3 2E 00 00 00 1B 34 39 00 
00 00 00 00 00 19 01 F2 2D 00 00 0A 00 08 38 00 
00 00 1B C1 6A 00 00 00 00 00 00 16 45 2D 00 11 
2E 00 00 01 00 25 02 00 2C 03 4A 16 12 20 EC 2F 
00 00 AD 00 E4 2E 00 00 00 1B FE 37 00 00 00 00 
00 00 38 3A 19 01 F2 2D 00 00 0A 00 D2 C9 00 00 
00 1B 77 3B 00 00 00 00 00 00 16 2D 35 4E 0F 00 
00 58 0F 00 00 00 00 19 00 13 2E 00 00 09 00 03 
B8 00 00 00 01 03 B8 00 00 12 20 A7 71 00 00 3B 
00 8F 71 00 00 00 1B 45 3D 00 00 00 00 00 00 35 
54 0F 00 00 58 0F 00 00 00 00 19 00 13 2E 00 00 
09 00 03 B8 00 00 00 01 03 B8 00 00 16 16 12 20 
EC 2F 00 00 1D 00 DF 2E 00 00 00 1B 1A 3B 00 00 
00 00 00 00 00 0F 2E 00 00 2D 00 10 2E 00 00 16 
19 00 13 2E 00 00 0A 00 FD B8 00 00 00 1B 2C 4C 
00 00 00 00 00 00 16 16 06 9B 08 1B 29 06 00 00 
00 00 00 00 12 20 EC 2F 00 00 3C 00 D3 2E 00 00 
00 1B 34 39 00 00 00 00 00 00 19 01 F2 2D 00 00 
0A 00 00 38 00 00 00 1B C0 6A 00 00 00 00 00 00 
16 45 2D 00 11 2E 00 00 01 00 25 02 00 2C 03 4A 
16 2D 00 11 2E 00 00 19 01 F2 2D 00 00 0A 00 F5 
37 00 00 00 1B EB 44 00 00 00 00 00 00 16 16 1B 
70 06 00 00 00 00 00 00 12 20 EC 2F 00 00 49 00 
D3 2E 00 00 00 1B 34 39 00 00 00 00 00 00 A8 01 
FB 2D 00 00 38 53 19 01 F2 2D 00 00 0A 00 D3 3A 
00 00 00 1B 04 3C 00 00 00 00 00 00 16 16 45 2D 
00 11 2E 00 00 01 00 25 02 00 2C 03 4A 16 12 20 
EC 2F 00 00 3D 00 D3 2E 00 00 00 1B 34 39 00 00 
00 00 00 00 A8 01 FA 2D 00 00 38 53 1B 44 3C 00 
00 00 00 00 00 01 F2 2D 00 00 16 16 45 2D 00 11 
2E 00 00 01 00 25 02 00 2C 03 4A 16 12 20 EC 2F 
00 00 49 00 D3 2E 00 00 00 1B 34 39 00 00 00 00 
00 00 A8 01 F9 2D 00 00 38 53 19 01 F2 2D 00 00 
0A 00 61 C8 00 00 00 1B 71 3A 00 00 00 00 00 00 
16 16 45 2D 00 11 2E 00 00 01 00 25 02 00 2C 03 
4A 16 12 20 EC 2F 00 00 3D 00 D3 2E 00 00 00 1B 
34 39 00 00 00 00 00 00 A8 01 F8 2D 00 00 38 53 
1B 8D 38 00 00 00 00 00 00 01 F2 2D 00 00 16 16 
45 2D 00 11 2E 00 00 01 00 25 02 00 2C 03 4A 16 
16 04 0B 53 


EXPAND_UNDO=UIUnitGermanMode.UpdateHeader




{ backup script end }
